#1
double tab1(3247,2)   # comment line
0.0000	0.980592388
0.0012	1.12231175
0.0028	1.279232558
0.0047	1.417926924
0.0061	1.413317499
0.0073	1.126766248
0.0082	0.832723573
0.0091	0.528921049
0.0096	0.295003964
0.0103	0.290167833
0.0111	0.285487707
0.0118	0.252410074
0.0127	0.196312009
0.0140	0.084355938
0.0154	0.000330086
0.0158	-0.126375784
0.0169	-0.238397064
0.0179	-0.319715137
0.0187	-0.436571002
0.0196	-0.620927708
0.0203	-0.785353488
0.0214	-0.932136132
0.0223	-1.012313164
0.0231	-1.161812037
0.0239	-1.146525037
0.0245	-1.215797117
0.0252	-1.200209975
0.0259	-1.185017443
0.0271	-1.084230102
0.0283	-0.989622439
0.0290	-0.872325419
0.0311	-0.749682053
0.0320	-0.613770451
0.0326	-0.566231284
0.0333	-0.595372919
0.0339	-0.680403877
0.0342	-0.629900126
0.0350	-0.581226675
0.0358	-0.559026051
0.0385	-0.506137963
0.0393	-0.523206553
0.0411	-0.66009537
0.0476	-0.765594775
0.0500	-0.847228583
0.0536	-0.952487734
0.0566	-0.98945104
0.0590	-0.985901507
0.0602	-0.95637617
0.0769	-0.901528448
0.0852	-0.820753523
0.0876	-0.820178851
0.0896	-0.814410077
0.0956	-0.773087105
0.1050	-0.774497357
0.1133	-0.832744011
0.1190	-0.930248752
0.1362	-0.973115021
0.1422	-0.750539612
0.1466	-0.550655246
0.1525	-0.499437768
0.1584	-0.474307722
0.1627	-0.688167444
0.1678	-0.78992452
0.1734	-0.97472951
0.1794	-0.64528847
0.1836	-0.415236832
0.1873	-0.096327682
0.1932	-0.002437469
0.1996	0.173264842
0.2065	0.353513516
0.2123	0.368653567
0.2175	0.34560677
0.2215	0.34560677
0.2250	0.226210559
0.2265	0.035915909
0.2281	-0.170872549
0.2306	-0.420093014
0.2337	-0.690546056
0.2375	-1.023331679
0.2431	-1.250900849
0.2489	-1.517531557
0.2565	-1.893270793
0.2657	-2.370759358
0.2765	-2.556867752
0.2877	-2.409909705
0.2994	-2.563992804
0.3124	-2.434300757
0.3262	-2.350894499
0.3395	-2.347043671
0.3530	-2.257183468
0.3671	-2.300331997
0.3812	-2.30660155
0.3957	-2.152624818
0.4107	-1.936216274
0.4259	-1.667136662
0.4411	-1.385326924
0.4566	-1.196403375
0.4721	-1.350288708
0.4877	-1.517114481
0.5031	-1.470700458
0.5186	-1.420304693
0.5324	-1.187701403
0.5462	-1.206367746
0.5611	-1.219056527
0.5743	-1.307248831
0.5891	-1.318731991
0.6041	-1.051175327
0.6188	-0.893475239
0.6336	-0.634352244
0.6483	-0.440609138
0.6633	-0.440609138
0.6787	-0.338912463
0.6945	-0.268936658
0.7094	-0.140682794
0.7231	-0.118488822
0.7369	-0.064416047
0.7518	0.066038387
0.7670	0.203668298
0.7820	0.316403822
0.7969	0.502850157
0.8107	0.704098042
0.8241	0.827460258
0.8372	1.03472729
0.8501	1.102699929
0.8630	1.223736846
0.8760	1.223736846
0.8887	1.287899967
0.8998	1.287899967
0.9097	1.287899967
0.9188	1.295646475
0.9268	1.341253756
0.9341	1.306594485
0.9413	1.317067455
0.9471	1.310088442
0.9572	1.36558729
0.9668	1.5046687
0.9755	1.722852984
0.9839	1.785030921
0.9926	1.857097122
1.0010	1.843069107
1.0071	1.958884508
1.0136	2.073776366
1.0182	2.329979054
1.0209	2.532775793
1.0229	2.689852034
1.0249	2.932463202
1.0268	3.084311954
1.0282	3.185696899
1.0291	3.282673209
1.0299	3.308050636
1.0301	3.35222608
1.0317	3.351999041
1.0326	3.167113972
1.0330	3.030159405
1.0345	2.976557029
1.0357	2.97381579
1.0361	2.935713815
1.0364	2.945666447
1.0372	2.959505584
1.0379	3.013078027
1.0390	2.961860548
1.0407	3.185622773
1.0413	3.165722999
1.0422	3.115288313
1.0441	3.093766304
1.0452	3.047027588
1.0534	3.040988853
1.0556	3.0745474
1.0577	3.171205832
1.0593	3.31138637
1.0611	3.33957519
1.0631	3.380356906
1.0645	3.428784408
1.0652	3.387255612
1.0662	3.32606154
1.0668	3.322865071
1.0673	3.769599983
1.0687	3.925041445
1.0704	4.123292036
1.0724	4.289873445
1.0743	4.544730986
1.0763	4.777057907
1.0785	4.971869143
1.0804	5.074415587
1.0818	5.150338471
1.0828	5.183027654
1.0837	5.228150872
1.0844	5.291399956
1.0850	5.32792068
1.0861	5.345467339
1.0869	5.263454226
1.0879	5.123009903
1.0893	5.000048872
1.0907	4.893348952
1.0926	4.893348952
1.0947	4.893348952
1.0964	4.764370101
1.0978	4.764370101
1.0995	4.548222091
1.1006	4.400490542
1.1023	4.428107564
1.1046	4.450576006
1.1073	4.349378563
1.1097	4.365139409
1.1121	4.289212752
1.1139	4.25569094
1.1148	4.25569094
1.1157	4.141338133
1.1161	3.544032534
1.1182	3.414969629
1.1212	3.327348331
1.1240	3.18124234
1.1271	3.124742384
1.1305	3.135495265
1.1340	3.031707568
1.1379	3.021784217
1.1427	3.041899321
1.1470	3.062333107
1.1517	3.134162169
1.1568	3.195765038
1.1620	3.249022339
1.1663	3.225315259
1.1700	3.146258984
1.1734	3.117767243
1.1765	3.061674778
1.1788	3.001921277
1.1804	2.941130704
1.1818	2.893625698
1.1837	2.790306005
1.1861	2.712534248
1.1893	2.630324908
1.1928	2.663138777
1.1966	2.542126756
1.2006	2.447793792
1.2056	2.322817505
1.2111	2.279393097
1.2170	2.206681278
1.2229	2.072506813
1.2285	1.965588046
1.2345	1.818298252
1.2409	1.627418727
1.2478	1.507671376
1.2544	1.325055745
1.2607	1.18238135
1.2662	1.099661159
1.2705	1.007838374
1.2739	0.902079982
1.2770	0.753871437
1.2806	0.670938362
1.2850	0.677605469
1.2903	0.692445788
1.2966	0.617984655
1.3037	0.647939037
1.3111	0.527946989
1.3188	0.679463034
1.3266	0.821630156
1.3349	0.94930387
1.3433	1.043364468
1.3520	1.107142705
1.3607	1.116013472
1.3693	1.105975266
1.3780	1.039731936
1.3870	0.966722814
1.3961	0.865206322
1.4052	0.741576264
1.4144	0.635294497
1.4240	0.554489317
1.4339	0.477524773
1.4438	0.390050491
1.4535	0.239923507
1.4631	0.049531531
1.4728	-0.102471567
1.4821	-0.21788188
1.4916	-0.303949003
1.5009	-0.368696515
1.5098	-0.191345748
1.5183	-0.058612009
1.5260	0.035825355
1.5329	0.087368727
1.5394	0.150634361
1.5449	0.171225214
1.5495	0.233209254
1.5532	0.320455564
1.5562	0.361372282
1.5589	0.349811596
1.5605	0.335541596
1.5620	0.301138733
1.5638	0.231943
1.5658	0.194997441
1.5679	0.101342182
1.5699	-0.015710281
1.5718	-0.114278464
1.5745	-0.255344723
1.5785	-0.403617307
1.5829	-0.491023727
1.5882	-0.564525666
1.5941	-0.668188294
1.6001	-0.826157805
1.6053	-1.008628732
1.6105	-1.087613797
1.6156	-1.144207425
1.6211	-1.179152047
1.6268	-1.185987815
1.6330	-1.105580273
1.6396	-1.03191819
1.6465	-0.959999424
1.6530	-0.906305852
1.6593	-0.834291648
1.6655	-0.728236356
1.6718	-0.586898106
1.6781	-0.506255226
1.6847	-0.485547685
1.6913	-0.465606704
1.6977	-0.488326929
1.7042	-0.510592335
1.7107	-0.430347055
1.7177	-0.372137118
1.7251	-0.355197624
1.7329	-0.337427521
1.7412	-0.35574627
1.7498	-0.373195124
1.7586	-0.364798096
1.7675	-0.33468747
1.7766	-0.293188974
1.7858	-0.237327908
1.7950	-0.196644281
1.8039	-0.189542877
1.8123	-0.173801785
1.8202	-0.163654915
1.8276	-0.142462906
1.8351	-0.130542433
1.8430	-0.112938727
1.8510	-0.145752596
1.8589	-0.122355481
1.8669	-0.035274173
1.8750	0.003539978
1.8836	-0.018553915
1.8919	0.007910462
1.8992	-0.015303272
1.9058	-0.036321636
1.9126	-0.004832109
1.9200	0.028746266
1.9285	0.05779715
1.9385	0.083817724
1.9491	0.079258593
1.9591	0.079677638
1.9681	0.051264768
1.9762	-0.005399438
1.9829	-0.039885989
1.9882	-0.110985235
1.9932	-0.251563829
1.9981	-0.353784413
2.0029	-0.400667013
2.0077	-0.460616267
2.0127	-0.64803647
2.0176	-0.901632594
2.0225	-1.195765392
2.0279	-1.453994258
2.0338	-1.641899701
2.0404	-1.781772842
2.0473	-1.904823009
2.0548	-1.97965958
2.0627	-2.061027037
2.0709	-2.078557065
2.0792	-2.065000395
2.0875	-1.966751042
2.0961	-1.802368847
2.1047	-1.642976115
2.1129	-1.52367513
2.1209	-1.397259738
2.1286	-1.22819434
2.1360	-1.04619924
2.1428	-0.866289107
2.1492	-0.739621705
2.1552	-0.660614527
2.1606	-0.602986651
2.1657	-0.733281438
2.1702	-0.910804976
2.1745	-1.044732141
2.1790	-1.137003651
2.1832	-1.188061452
2.1867	-1.260218196
2.1896	-1.345667733
2.1918	-1.468150793
2.1936	-1.576903427
2.1952	-1.601574361
2.1975	-1.489755123
2.2001	-1.368022827
2.2031	-1.218475084
2.2068	-1.094978772
2.2111	-0.954656227
2.2158	-0.782890958
2.2206	-0.614228172
2.2254	-0.413825053
2.2302	-0.225678161
2.2351	-0.138271742
2.2400	-0.064769802
2.2448	0.038892826
2.2496	0.169245314
2.2548	0.3292478
2.2603	0.389597445
2.2658	0.430430226
2.2717	0.528435487
2.2777	0.566386844
2.2844	0.550495071
2.2910	0.528230047
2.2978	0.565849006
2.3046	0.616965461
2.3117	0.631888925
2.3185	0.544414509
2.3249	0.458292055
2.3315	0.380836924
2.3377	0.359293152
2.3444	0.327931567
2.3503	0.339823637
2.3563	0.44561406
2.3625	0.484088712
2.3688	0.561469846
2.3748	0.670928737
2.3808	0.78336496
2.3869	0.717463437
2.3932	0.648506395
2.3996	0.586852067
2.4064	0.530734543
2.4135	0.495425886
2.4208	0.246532751
2.4287	0.035553897
2.4370	-0.101188833
2.4455	-0.227441926
2.4537	-0.33866562
2.4617	-0.474906272
2.4696	-0.575379005
2.4777	-0.676883256
2.4865	-0.72181265
2.4949	-0.83688848
2.5034	-0.923969788
2.5117	-0.96278394
2.5199	-1.085235273
2.5276	-1.11169965
2.5349	-1.088485915
2.5415	-1.067467552
2.5469	-1.046699787
2.5512	-1.005554222
2.5548	-0.985070787
2.5576	-0.944500074
2.5593	-0.920587977
2.5618	-0.432013231
2.5644	-0.341758788
2.5678	-0.283238807
2.5724	-0.225239148
2.5775	-0.121658489
2.5828	-0.043346501
2.5885	-0.015026409
2.5949	-0.026969226
2.6017	-0.032392981
2.6083	-0.069578559
2.6144	-0.034616589
2.6203	-0.016676564
2.6257	0.029468258
2.6315	0.056267731
2.6378	0.092321442
2.6442	0.111829951
2.6513	0.160597363
2.6594	0.207453808
2.6673	0.266778798
2.6753	0.346999084
2.6833	0.431762951
2.6911	0.440877889
2.6987	0.403029314
2.7065	0.340887626
2.7152	0.239364761
2.7232	0.162813097
2.7308	0.116981641
2.7381	0.013411677
2.7455	-0.143389747
2.7518	-0.243042725
2.7562	-0.382744442
2.7597	-0.493853925
2.7619	-0.581909639
2.7637	-0.730739188
2.7650	-0.794901977
2.7661	-0.746679242
2.7672	-0.722411209
2.7682	-1.295029992
2.7708	-1.295029992
2.7729	-1.279108873
2.7756	-1.204191637
2.7797	-0.970981394
2.7847	-0.757425466
2.7968	-0.491437638
2.8030	-0.339337259
2.8086	-0.373262892
2.8139	-0.415728339
2.8205	-0.42264037
2.8279	-0.511320589
2.8346	-0.678390456
2.8408	-0.807436978
2.8465	-0.842072859
2.8510	-0.772774023
2.8557	-0.698655669
2.8613	-0.692267748
2.8670	-0.717893672
2.8735	-0.815268001
2.8801	-1.02589075
2.8872	-1.248364266
2.8945	-1.503777137
2.9021	-1.658969755
2.9097	-1.740505711
2.9178	-1.650647886
2.9263	-1.518683664
2.9346	-1.401295553
2.9429	-1.304857694
2.9508	-1.274620603
2.9589	-1.078342909
2.9667	-0.940362052
2.9741	-0.865656723
2.9814	-0.802451299
2.9889	-0.829389763
3.0037	-0.819513915
3.0095	-0.838907721
3.0143	-0.841336463
3.0183	-0.848625484
3.0214	-0.873665618
3.0234	-0.961089044
3.0248	-1.020067839
3.0259	-1.009766452
3.0269	-1.085211294
3.0283	-1.144360358
3.0298	-1.189972668
3.0313	-1.242325932
3.0326	-1.264293313
3.0347	-1.275781709
3.0499	-1.227439838
3.0542	-1.305344246
3.0593	-1.360682132
3.0655	-1.410862731
3.0721	-1.456172483
3.0793	-1.475547867
3.0867	-1.517557095
3.0946	-1.580017557
3.1028	-1.690745471
3.1111	-1.778055824
3.1201	-1.818370085
3.1294	-1.855526833
3.1391	-1.883370364
3.1489	-1.897789442
3.1584	-1.936458436
3.1686	-1.971104527
3.1792	-1.919053449
3.1900	-2.028662802
3.2009	-2.01384885
3.2119	-2.027955616
3.2231	-2.054755089
3.2341	-2.209036784
3.2454	-2.261124981
3.2568	-2.309892392
3.2683	-2.356748838
3.2797	-2.416073828
3.2912	-2.510996436
3.3023	-2.623667338
3.3124	-2.673148382
3.3221	-2.660528504
3.3308	-2.633881948
3.3386	-2.579415063
3.3456	-2.645141915
3.3517	-2.698191793
3.3570	-2.688572967
3.3615	-2.631651246
3.3658	-2.583326135
3.3703	-2.518952171
3.3753	-2.464633118
3.3810	-2.414906358
3.3872	-2.321956824
3.3940	-2.39449834
3.4007	-2.535538946
3.4070	-2.629945364
3.4130	-2.871518118
3.4195	-2.829473803
3.4262	-2.818157108
3.4327	-2.597560744
3.4389	-2.458973722
3.4443	-2.458973722
3.4488	-2.413512618
3.4529	-2.413512618
3.4570	-2.429433736
3.4619	-2.48914
3.4682	-2.722350242
3.4761	-2.935906171
3.4846	-3.201893998
3.4930	-3.43102734
3.5011	-3.454714787
3.5089	-3.439037857
3.5167	-3.470866753
3.5247	-3.419805493
3.5329	-3.224568186
3.5398	-3.080126756
3.5460	-2.972371292
3.5509	-2.981678066
3.5546	-2.990879662
3.5569	-2.963631279
3.5581	-2.882770387
3.5589	-2.554910754
3.5594	-2.425165603
3.5604	-3.250890527
3.5617	-3.305261221
3.5642	-3.229467252
3.5688	-3.143207399
3.5741	-3.031844025
3.5797	-2.898794941
3.5851	-2.765449097
3.5901	-2.614768185
3.5955	-2.446494548
3.6012	-2.313934452
3.6077	-2.242634055
3.6145	-2.259442744
3.6221	-2.217889496
3.6300	-2.200469441
3.6382	-2.205506343
3.6465	-2.24053532
3.6552	-2.262295958
3.6642	-2.264695745
3.6727	-2.248462764
3.6808	-2.289131298
3.6884	-2.264094985
3.6955	-2.21662766
3.7020	-2.133799048
3.7085	-1.991787367
3.7146	-1.831378019
3.7201	-1.60557879
3.7252	-1.361848283
3.7295	-1.138879082
3.7331	-0.952698446
3.7357	-0.910062216
3.7377	-0.933970764
3.7396	-0.990987359
3.7411	-1.065024909
3.7423	-1.079038908
3.7436	-1.066321472
3.7447	-0.991293006
3.7465	-0.991293006
3.7494	-0.991293006
3.7536	-0.991293006
3.7590	-0.991293006
3.7663	-0.991293006
3.7739	-1.065209204
3.7822	-1.15518251
3.7910	-1.22799458
3.8005	-1.391223304
3.8104	-1.402975159
3.8211	-1.435962098
3.8320	-1.421180321
3.8430	-1.370186014
3.8548	-1.397475452
3.8667	-1.41960647
3.8788	-1.451046528
3.8910	-1.505557363
3.9036	-1.527588545
3.9158	-1.540856108
3.9280	-1.569832407
3.9398	-1.574060861
3.9516	-1.563996634
3.9633	-1.540130799
3.9752	-1.528340923
3.9869	-1.483035249
3.9985	-1.439451245
4.0105	-1.397039218
4.0227	-1.397039218
4.0349	-1.397039218
4.0470	-1.356045585
4.0594	-1.297908817
4.0716	-1.188316252
4.0837	-1.068090373
4.0961	-0.984288358
4.1087	-0.954805944
4.1210	-1.00320261
4.1319	-1.068681607
4.1440	-1.095877272
4.1560	-1.104780962
4.1678	-1.158548525
4.1796	-1.193463208
4.1904	-1.246982421
4.2001	-1.313796946
4.2084	-1.400044118
4.2150	-1.518761326
4.2200	-1.665159737
4.2231	-1.7878876
4.2247	-1.85707255
4.2254	-1.934487891
4.2256	-1.834575382
4.2283	-1.792917567
4.2316	-1.67957686
4.2356	-1.564638626
4.2405	-1.474615558
4.2458	-1.483550724
4.2508	-1.500363102
4.2558	-1.504217806
4.2612	-1.537418068
4.2671	-1.578450537
4.2728	-1.668040548
4.2776	-1.811353315
4.2818	-1.928121492
4.2862	-1.969900826
4.2908	-1.960318387
4.2966	-1.958214351
4.3034	-1.924468323
4.3109	-1.873819111
4.3187	-1.822687673
4.3273	-1.7415375
4.3360	-1.68712033
4.3451	-1.623303719
4.3544	-1.56599829
4.3642	-1.55951328
4.3741	-1.610509857
4.3838	-1.698106608
4.3932	-1.804381278
4.4022	-1.908250737
4.4113	-2.109675646
4.4207	-2.327833409
4.4308	-2.500334268
4.4411	-2.599204551
4.4518	-2.557446099
4.4627	-2.447995787
4.4738	-2.310892497
4.4849	-2.156911117
4.4962	-2.062270476
4.5073	-1.987241105
4.5177	-1.926734518
4.5269	-1.894943031
4.5352	-1.835652762
4.5420	-1.835652762
4.5468	-1.835652762
4.5497	-1.835652762
4.5510	-1.786280196
4.5525	-1.729025832
4.5547	-1.615997196
4.5576	-1.554545388
4.5620	-1.507891149
4.5678	-1.517713183
4.5754	-1.557951092
4.5839	-1.456702211
4.5932	-1.318040544
4.6031	-1.194573308
4.6130	-1.062743347
4.6236	-0.948600531
4.6347	-0.854164606
4.6461	-0.752228408
4.6580	-0.671918207
4.6704	-0.593746118
4.6829	-0.53192538
4.6953	-0.501741752
4.7078	-0.492008525
4.7204	-0.535592529
4.7333	-0.604951441
4.7464	-0.659512072
4.7591	-0.754107752
4.7710	-0.881536346
4.7814	-0.964680398
4.7900	-1.074272962
4.7972	-1.175172735
4.8030	-1.249370476
4.8077	-1.259499857
4.8105	-1.211103191
4.8114	-1.183351447
4.8119	-0.374794968
4.8138	-0.480695647
4.8178	-0.537197894
4.8232	-0.625482528
4.8295	-0.686765082
4.8374	-0.726084719
4.8461	-0.718765672
4.8556	-0.661316434
4.8656	-0.632444079
4.8759	-0.579617777
4.8868	-0.505653056
4.8980	-0.388782545
4.9091	-0.33084157
4.9204	-0.31921372
4.9318	-0.331157568
4.9433	-0.357544913
4.9550	-0.364948407
4.9666	-0.396040751
4.9781	-0.383148349
4.9893	-0.334025232
5.0004	-0.297350349
5.0112	-0.271498268
5.0222	-0.231348058
5.0332	-0.169980233
5.0441	-0.073916315
5.0546	-0.048664055
5.0649	-0.051858844
5.0750	-0.077528813
5.0852	-0.226765458
5.0955	-0.374145632
5.1058	-0.530409398
5.1160	-0.608714681
5.1253	-0.63794253
5.1329	-0.65726722
5.1393	-0.647629782
5.1439	-0.599253445
5.1476	-0.54082511
5.1510	-0.522314153
5.1540	-0.541171936
5.1567	-0.550278007
5.1581	-0.57750447
5.1593	-0.595491769
5.1615	-0.621910486
5.1656	-0.656830462
5.1713	-0.700471931
5.1784	-0.735087211
5.1866	-0.752501212
5.1961	-0.761051101
5.2058	-0.769647658
5.2165	-0.769647658
5.2277	-0.708350033
5.2392	-0.675428296
5.2510	-0.630058319
5.2631	-0.622655197
5.2753	-0.572455109
5.2879	-0.503835893
5.3008	-0.470909738
5.3141	-0.429071199
5.3276	-0.400689638
5.3414	-0.433568746
5.3552	-0.475792362
5.3691	-0.467686018
5.3830	-0.450631802
5.3971	-0.433175738
5.4409	-0.394219654
5.4629	-0.377220401
5.4716	-0.373437395
5.4795	-0.390312732
5.4870	-0.410417621
5.4946	-0.435542274
5.5023	-0.475422927
5.5104	-0.475422927
5.5187	-0.483983999
5.5275	-0.470115549
5.5372	-0.396559143
5.5474	-0.347723459
5.5577	-0.367778076
5.5681	-0.393625468
5.5783	-0.412951574
5.5883	-0.433321006
5.5983	-0.442756707
5.6084	-0.432983755
5.6185	-0.432983755
5.6287	-0.432983755
5.6388	-0.432983755
5.6491	-0.394992281
5.6593	-0.412575199
5.6696	-0.421740554
5.6797	-0.421740554
5.6904	-0.354176198
5.7009	-0.354176198
5.7118	-0.341218386
5.7227	-0.254419956
5.7337	-0.209707092
5.7450	-0.182434786
5.7563	-0.203018953
5.7677	-0.279532197
5.7791	-0.344068265
5.7905	-0.353389011
5.8021	-0.357898021
5.8136	-0.385463149
5.8251	-0.450430092
5.8369	-0.530862019
5.8487	-0.596115415
5.8606	-0.517175988
5.8728	-0.478604094
5.8852	-0.469279323
5.8975	-0.501799234
5.9099	-0.472989369
5.9225	-0.437126484
5.9347	-0.47058309
5.9468	-0.511315399
5.9589	-0.453895534
5.9711	-0.298719225
5.9830	-0.15156643
5.9944	-0.02619195
6.0048	0.08183984
6.0145	0.109494279
6.0235	0.06701648
6.0320	-0.133211374
6.0391	-0.31420706
6.0462	-0.203568947
6.0527	-0.188820923
6.0588	-0.24848722
6.0644	-0.387091922
6.0692	-0.327824008
6.0739	-0.210807144
6.0792	-0.118099532
6.0858	-0.069833262
6.0935	0.081537918
6.1021	0.228918093
6.1113	0.396643565
6.1213	0.498634544
6.1314	0.504848276
6.1414	0.480647454
6.1511	0.395128932
6.1602	0.243895794
6.1689	0.064920348
6.1773	0.004001918
6.1858	0.046551957
6.1939	0.133075774
6.2020	0.275858391
6.2100	0.387602241
6.2176	0.488827844
6.2254	0.627634282
6.2326	0.79080755
6.2399	0.96624682
6.2472	1.112963993
6.2544	1.209922309
6.2616	1.315323131
6.2689	1.438511936
6.2764	1.556992437
6.2844	1.680446561
6.2930	1.739422369
6.3020	1.788947558
6.3109	1.802348533
6.3192	1.802348533
6.3268	1.804917379
6.3344	1.77807928
6.3422	1.727385049
6.3503	1.622962849
6.3583	1.515100681
6.3667	1.348265774
6.3748	1.136340912
6.3830	0.9364578
6.3916	0.705960427
6.4002	0.476491623
6.4088	0.268100155
6.4174	0.102775422
6.4260	-0.063948283
6.4345	-0.176886727
6.4440	-0.277421359
6.4530	-0.342731454
6.4617	-0.407122546
6.4701	-0.441385597
6.4785	-0.45876429
6.4867	-0.506408729
6.4948	-0.537165766
6.5031	-0.638169297
6.5117	-0.704619124
6.5203	-0.770108245
6.5288	-0.839608258
6.5375	-0.927736009
6.5461	-0.927736009
6.5545	-0.927736009
6.5631	-0.927736009
6.5722	-0.939127829
6.5813	-0.950821173
6.5909	-0.974209177
6.6000	-1.058182091
6.6093	-1.145061845
6.6177	-1.263988063
6.6253	-1.382572736
6.6322	-1.526936297
6.6385	-1.66165462
6.6451	-1.792554318
6.6528	-1.925470624
6.6611	-1.992214725
6.6702	-2.085492003
6.6794	-2.213380932
6.6883	-2.291247112
6.6965	-2.328851901
6.7038	-2.30027391
6.7108	-2.097649226
6.7175	-1.908038435
6.7249	-1.848318109
6.7321	-1.758798926
6.7395	-1.647386292
6.7471	-1.527210468
6.7550	-1.496480053
6.7631	-1.522664204
6.7711	-1.600883051
6.7790	-1.69249548
6.7865	-1.883559882
6.7933	-2.070696
6.8001	-2.22417993
6.8061	-2.363353626
6.8115	-2.460820782
6.8160	-2.489108814
6.8198	-2.446645376
6.8236	-2.334919163
6.8268	-2.239932368
6.8303	-2.450587779
6.8338	-2.54284774
6.8368	-2.575226213
6.8398	-2.554136117
6.8424	-2.737855933
6.8450	-2.882110238
6.8473	-2.955421658
6.8489	-2.982157525
6.8505	-3.050842942
6.8520	-3.098776813
6.8533	-3.13666581
6.8550	-3.219286083
6.8562	-2.970459538
6.8586	-2.986233915
6.8609	-3.052670985
6.8634	-3.076543537
6.8662	-3.163010757
6.8690	-3.278554562
6.8717	-3.398086361
6.8746	-3.527220468
6.8774	-3.61156893
6.8799	-3.666725674
6.8817	-3.731520464
6.8833	-3.854709269
6.8848	-4.001967593
6.8868	-4.142877668
6.8891	-4.261648977
6.8915	-4.381619621
6.8944	-4.461532548
6.8980	-4.537995495
6.9024	-4.558090769
6.9074	-4.530448856
6.9127	-4.449306019
6.9177	-4.337498214
6.9227	-4.217218487
6.9280	-4.058489925
6.9334	-3.842805768
6.9390	-3.685112165
6.9444	-3.5136871
6.9496	-3.335147266
6.9546	-3.170310613
6.9596	-3.017820272
6.9646	-2.925724988
6.9697	-2.884497875
6.9749	-2.844766461
6.9803	-2.814669506
6.9852	-2.678601289
6.9898	-2.580672498
6.9946	-2.542254531
6.9996	-2.423029987
7.0048	-2.362422021
7.0102	-2.278877215
7.0153	-2.299037108
7.0205	-2.32222122
7.0249	-2.178772574
7.0290	-2.02329188
7.0327	-1.94506607
7.0361	-1.877922691
7.0395	-1.807952559
7.0426	-1.713374357
7.0464	-1.580869682
7.0501	-1.442257592
7.0532	-1.23451717
7.0565	-1.065330552
7.0601	-0.901445559
7.0649	-0.746687708
7.0710	-0.582154802
7.0809	-0.427343907
7.0894	-0.270162271
7.0979	-0.100841935
7.1062	0.018456279
7.1147	0.125512915
7.1235	0.323942822
7.1325	0.449407784
7.1417	0.549049575
7.1512	0.635700155
7.1610	0.627401679
7.1719	0.559546531
7.1815	0.475811809
7.1916	0.386292626
7.2005	0.287889513
7.2083	0.192914553
7.2152	0.075925034
7.2216	0.016138562
7.2271	0.034957488
7.2348	0.053242545
7.2430	0.088724407
7.2509	0.125205796
7.2591	0.163095957
7.2671	0.197881719
7.2757	0.195410362
7.2844	0.186964619
7.2933	0.190738873
7.3022	0.162516008
7.3112	-0.044934698
7.3203	-0.277127387
7.3290	-0.525655934
7.3374	-0.764247397
7.3457	-0.981235073
7.3543	-1.17384117
7.3627	-1.322026194
7.3714	-1.438642197
7.3808	-1.49489244
7.3900	-1.52952881
7.3991	-1.495661891
7.4081	-1.42624741
7.4163	-1.317033327
7.4240	-1.192884316
7.4316	-1.065726522
7.4390	-0.930452483
7.4461	-0.770050562
7.4534	-0.802031338
7.4609	-0.832311686
7.4680	-0.887102432
7.4752	-0.9487458
7.4824	-0.997864884
7.4891	-1.067748884
7.4951	-1.056088549
7.5002	-1.044431207
7.5044	-1.044431207
7.5081	-1.056121089
7.5112	-1.1010758
7.5137	-1.134327482
7.5155	-1.166336957
7.5169	-1.166336957
7.5185	-1.145945978
7.5195	-1.136883923
7.5210	-1.085380083
7.5224	-1.006780044
7.5232	-0.680241263
7.5256	-0.680241263
7.5297	-0.69144908
7.5344	-0.713621512
7.5405	-0.680708941
7.5461	-0.637163156
7.5509	-0.591518186
7.5553	-0.556305047
7.5597	-0.592474214
7.5641	-0.615447773
7.5691	-0.615447773
7.5745	-0.515757879
7.5805	-0.515757879
7.5869	-0.472451764
7.5939	-0.385842044
7.6013	-0.286403653
7.6087	-0.370269618
7.6157	-0.447395513
7.6226	-0.525621322
7.6285	-0.592764702
7.6331	-0.662734833
7.6361	-0.757313035
7.6379	-0.828980454
7.6388	1.722468527
7.6395	2.435112274
7.6412	2.581462221
7.6430	2.581462221
7.6450	2.581462221
7.6465	2.581462221
7.6480	2.581462221
7.6493	2.581462221
7.6502	2.581462221
7.6514	2.581462221
7.6532	2.581462221
7.6554	2.581462221
7.6580	2.581462221
7.6604	2.581462221
7.6622	2.581462221
7.6640	2.581462221
7.6656	2.581462221
7.6672	2.581462221
7.6686	2.581462221
7.6704	2.581462221
7.6731	2.581462221
7.6765	2.581462221
7.6806	2.581462221
7.6852	2.581462221
7.6900	2.581462221
7.6944	2.447791499
7.6977	2.447791499
7.7009	2.447791499
7.7038	2.536160091
7.7073	2.536160091
7.7120	2.536160091
7.7176	2.536160091
7.7237	2.536160091
7.7299	2.536160091
7.7353	2.536160091
7.7402	2.536160091
7.7440	2.475322834
7.7467	2.365498322
7.7489	2.316888919
7.7502	2.188216487
7.7513	0.585432266
7.7524	-0.563277087
7.7558	-0.563277087
7.7602	-0.563277087
7.7655	-0.563277087
7.7714	-0.563277087
7.7766	-0.563277087
7.7815	-0.563277087
7.7864	-0.563277087
7.7909	-0.563277087
7.7957	-0.563277087
7.8011	-0.563277087
7.8073	-0.563277087
7.8142	-0.563277087
7.8218	-0.563277087
7.8299	-0.563277087
7.8384	-0.563277087
7.8473	-0.563277087
7.8562	-0.563277087
7.8651	-0.563277087
7.8739	-0.563277087
7.8822	-0.563277087
7.8903	-0.60386876
7.8983	-0.652813684
7.9064	-0.652813684
7.9145	-0.679902923
7.9232	-0.721687318
7.9321	-0.762509625
7.9411	-0.784554273
7.9505	-0.784554273
7.9597	-0.762849585
7.9687	-0.742407686
7.9778	-0.724336913
7.9870	-0.740746743
7.9960	-0.771333646
8.0059	-0.801690888
8.0168	-0.829422371
8.0282	-0.917790963
8.0401	-0.928932181
8.1365	-0.928932181
8.1416	-0.907075263
8.1441	-0.907075263
8.1464	-0.929677668
8.1481	-0.953829237
8.1508	-0.953829237
8.1530	-0.953829237
8.1542	-0.969338221
8.1556	-0.969338221
8.1563	-0.7024187
8.1587	-0.714641183
8.1608	-0.737483698
8.1630	-0.770766513
8.1666	-0.759805596
8.1714	-0.738657242
8.1762	-0.706300065
8.1807	-0.662317974
8.1857	-0.581915091
8.1903	-0.46828712
8.1951	-0.36430612
8.2006	-0.259260884
8.2066	-0.161608629
8.2131	-0.055132693
8.2196	0.08521118
8.2267	0.234381688
8.2353	0.411961476
8.2442	0.532680381
8.2533	0.705098154
8.2623	0.929435026
8.2713	1.11577166
8.2801	1.303523192
8.2883	1.433549961
8.2961	1.577733729
8.3032	1.8608302
8.3096	2.02007812
8.3156	2.02007812
8.3212	2.02007812
8.3260	2.02007812
8.3300	2.02007812
8.3330	2.02007812
8.3352	2.02007812
8.3369	2.02007812
8.3381	2.02007812
8.3386	2.675440794
8.3416	3.128836045
8.3456	3.64679195
8.3508	4.201138405
8.3569	4.763364042
8.3633	5.402848638
8.3696	6.083021689
8.3761	6.549634004
8.3824	7.05689362
8.3880	7.725097864
8.3926	8.286900507
8.3961	8.73485144
8.3979	10.54725466
8.3999	9.987711908
8.4024	9.492908567
8.4057	9.025392448
8.4096	8.522296543
8.4138	8.000090814
8.4183	7.425770213
8.4229	7.265084604
8.4278	7.163503064
8.4328	7.044726913
8.4377	6.95254109
8.4423	6.859562749
8.4465	6.779152661
8.4505	6.670636084
8.4539	6.564338154
8.4570	6.455205492
8.4591	6.357484396
8.4604	6.234176832
8.4623	6.140957722
8.4650	6.234810841
8.4685	6.331497006
8.4717	6.396594922
8.4752	6.444464315
8.4788	6.43279874
8.4823	6.33781635
8.4857	6.190882726
8.4890	5.996549582
8.4922	5.753765142
8.4953	5.515592155
8.4983	5.307214274
8.5016	5.146606382
8.5050	5.026252087
8.5078	4.862218417
8.5100	4.703224751
8.5114	4.65544572
8.5130	4.574060998
8.5161	4.513914341
8.5201	4.438915918
8.5253	4.36850959
8.5313	4.279366281
8.5383	4.172558484
8.5459	4.05213929
8.5538	3.93279257
8.5619	3.812073664
8.5697	3.681523789
8.5768	3.517210189
8.5833	3.367803773
8.5893	3.224598552
8.5950	3.094571784
8.6004	2.950388015
8.6051	2.804555482
8.6091	2.645307562
8.6121	2.645307562
8.6145	2.645307562
8.6163	2.645307562
8.6181	2.645307562
8.6192	2.645307562
8.6203	2.645307562
8.6213	2.645307562
8.6221	2.645307562
8.6230	2.395144133
8.6247	1.989944888
8.6271	1.536549638
8.6303	1.018593732
8.6334	0.464247278
8.6364	-0.251022747
8.6395	-0.890507343
8.6431	-1.570680395
8.6471	-2.03729271
8.6511	-2.544552325
8.6551	-3.21275657
8.6590	-3.774559213
8.6629	-4.222510145
8.6668	-4.772642813
8.6699	-5.357196256
8.6723	-6.28677011
8.6741	-6.28677011
8.6754	-1.513269271
8.6760	0.045636099
8.6770	0.198680487
8.6791	0.198680487
8.6815	0.198680487
8.6833	0.198680487
8.6850	0.198680487
8.6868	0.198680487
8.6882	0.282760394
8.6910	0.282760394
8.6934	0.282760394
8.6953	0.282760394
8.6971	0.265726104
8.6983	0.152916952
8.7005	0.152916952
8.7023	0.152916952
8.7037	0.152916952
8.7049	0.068837045
8.7060	0.176068418
8.7066	0.176068418
8.7088	0.176068418
8.7106	0.176068418
8.7122	0.176068418
8.7139	0.176068418
8.7155	0.176068418
8.7169	0.176068418
8.7184	0.176068418
8.7198	0.176068418
8.7209	0.025644101
8.7221	-0.471601084
8.7232	-0.471601084
8.7252	-0.471601084
8.7267	-0.471601084
8.7289	-0.471601084
8.7312	-0.471601084
8.7338	-0.471601084
8.7365	-0.471601084
8.7391	-0.471601084
8.7416	-0.471601084
8.7450	-0.471601084
8.7487	-0.471601084
8.7520	-0.471601084
8.7548	-0.471601084
8.7570	-0.471601084
8.7589	-0.471601084
8.7606	-0.471601084
8.7619	-0.471601084
8.7631	-0.471601084
8.7641	-0.471601084
8.7649	-0.682536877
8.7655	-0.553255556
8.7671	-0.553255556
8.7691	-0.553255556
8.7714	-0.553255556
8.7731	-0.553255556
8.7749	-0.553255556
8.7774	-0.553255556
8.7799	-0.553255556
8.7820	-0.553255556
8.7839	-0.553255556
8.7859	-0.553255556
8.7889	-0.553255556
8.7927	-0.553255556
8.7969	-0.553255556
8.8012	-0.553255556
8.8055	-0.553255556
8.8094	-0.553255556
8.8129	-0.553255556
8.8160	-0.553255556
8.8187	-0.553255556
8.8206	-0.553255556
8.8223	-0.553255556
8.8238	-0.553255556
8.8248	-0.553255556
8.8251	1.047237934
8.8258	0.595180265
8.8277	0.507315722
8.8299	0.45405468
8.8325	0.417011977
8.8358	0.459602968
8.8395	0.525459439
8.8434	0.581884893
8.8480	0.644112267
8.8532	0.690016077
8.8588	0.741098729
8.8658	0.764098811
8.8727	0.786435547
8.8797	0.8024253
8.8860	0.8024253
8.8925	0.787035683
8.8996	0.758809025
8.9071	0.733236809
8.9150	0.709454435
8.9232	0.685707321
8.9318	0.66181024
8.9406	0.674027895
8.9494	0.649178783
8.9584	0.622983766
8.9677	0.595872299
8.9773	0.595872299
8.9870	0.62543197
8.9966	0.62543197
9.0062	0.639651465
9.0160	0.639651465
9.0258	0.664251082
9.0357	0.71303316
9.0456	0.762486993
9.0557	0.786893973
9.0659	0.799169977
9.0762	0.81147513
9.0864	0.848384461
9.0968	0.87323814
9.1076	0.910095994
9.1185	0.910095994
9.1294	0.875045891
9.1403	0.841523119
9.1514	0.830263479
9.1634	0.808260804
9.1762	0.751918207
9.1896	0.679583518
9.2034	0.589953961
9.2171	0.537074907
9.2299	0.497857536
9.2422	0.472774841
9.2540	0.44862387
9.2654	0.496112178
9.2767	0.609443865
9.2876	0.668550116
9.2977	0.734204506
9.3070	0.764918164
9.3150	0.794942197
9.3220	0.840904317
9.3280	0.858535252
9.3333	0.756279222
9.3381	0.644147456
9.3424	0.508245251
9.3463	0.392125513
9.3506	0.344995434
9.3550	0.314809183
9.3612	0.268647404
9.3668	0.293367206
9.3732	0.313072689
9.3803	0.2663421
9.3880	0.139324961
9.3963	-0.04078522
9.4047	-0.252925948
9.4130	-0.473634308
9.4211	-0.760987995
9.4290	-1.028913283
9.4366	-1.250670062
9.4439	-1.433890612
9.4506	-1.575253023
9.4573	-1.691475262
9.4639	-1.731776567
9.4709	-1.631776057
9.4784	-1.417430023
9.4865	-1.266237597
9.4946	-1.030059716
9.5026	-0.867046779
9.5107	-0.797816096
9.5188	-0.767795025
9.5268	-0.754451571
9.5349	-0.57182752
9.5429	-0.44009272
9.5509	-0.484480121
9.5591	-0.493013561
9.5675	-0.505577671
9.5764	-0.573237969
9.5852	-0.68343286
9.5942	-0.798207985
9.6030	-0.927237746
9.6112	-0.926420598
9.6189	-0.912574401
9.6264	-0.845356997
9.6340	-0.75012931
9.6419	-0.626772555
9.6501	-0.508926748
9.6584	-0.421062204
9.6670	-0.367801163
9.6754	-0.33075846
9.6838	-0.373349451
9.6925	-0.439205921
9.7015	-0.495631376
9.7103	-0.55785875
9.7191	-0.603762559
9.7280	-0.654845212
9.7370	-0.677845294
9.7463	-0.700182029
9.7557	-0.716171782
9.7654	-0.716171782
9.7751	-0.700782165
9.7849	-0.63568747
9.7947	-0.610115254
9.8044	-0.546089764
9.8138	-0.494770117
9.8231	-0.447001343
9.8320	-0.459218998
9.8410	-0.434369886
9.8499	-0.383827724
9.8582	-0.32905718
9.8657	-0.32905718
9.8724	-0.319890879
9.8790	-0.319890879
9.8842	-0.334110373
9.8864	-0.334110373
9.8876	-0.417761642
9.8891	-0.466543721
9.8909	-0.515997554
9.8936	-0.540404534
9.8972	-0.552680537
9.9015	-0.564985691
9.9062	-0.601895022
9.9115	-0.626748701
9.9172	-0.663606554
9.9226	-0.663606554
9.9278	-0.628556451
9.9324	-0.595033679
9.9365	-0.58377404
9.9400	-0.561771365
9.9434	-0.505428767
9.9468	-0.433094079
9.9496	-0.343464521
9.9527	-0.290585467
9.9558	-0.251368096
9.9584	-0.226285402
9.9604	-0.20213443
9.9617	-0.286147953
9.9632	-0.118316194
9.9659	-0.191969705
9.9681	-0.24388581
9.9706	-0.221806984
9.9742	-0.177719701
9.9783	-0.122134225
9.9828	-0.014994199
9.9870	0.077923882
9.9911	0.166078909
9.9946	0.256564457
9.9977	0.294700196
10.0003	0.339995952
10.0024	0.299275953
10.0044	0.299275953
10.0062	0.324925755
10.0078	-0.102831802
10.0132	-0.11531043
10.0182	-0.128176371
10.0248	-0.115930285
10.0329	-0.103983025
10.0402	-0.103983025
10.0470	-0.103983025
10.0540	-0.103983025
10.0610	-0.103983025
10.0683	-0.092746726
10.0750	-0.08100212
10.0818	-0.057372043
10.0886	-0.032798226
10.0947	0.004314332
10.1006	0.029823511
10.1058	0.029823511
10.1103	0.01385819
10.1141	0.05675165
10.1172	0.049498557
10.1199	0.089308687
10.1220	0.099141659
10.1241	0.071569126
10.1260	0.047697433
10.1275	0.047697433
10.1288	-0.043034762
10.1306	-0.043034762
10.1330	0.01601689
10.1359	0.01601689
10.1394	0.01601689
10.1430	0.01601689
10.1464	0.01601689
10.1499	0.01601689
10.1534	0.01601689
10.1571	0.01601689
10.1613	0.01601689
10.1662	0.01601689
10.1717	0.01601689
10.1773	0.01601689
10.1823	0.01601689
10.1874	0.01601689
10.1934	0.01601689
10.2003	0.01601689
10.2079	0.01601689
10.2162	0.01601689
10.2247	0.01601689
10.2334	0.01601689
10.2420	0.01601689
10.2499	0.052542105
10.2576	0.093219066
10.2657	0.122463406
10.2740	0.066409585
10.2825	-0.018545954
10.2910	-0.086903602
10.2998	-0.17505758
10.3086	-0.247462985
10.3174	-0.244827591
10.3259	-0.309299538
10.3342	-0.342909726
10.3423	-0.361893851
10.3503	-0.406089521
10.3581	-0.432029344
10.3650	-0.46399445
10.3712	-0.46399445
10.3758	-0.418247159
10.3792	-0.418247159
10.3817	-0.366331054
10.3836	-0.366331054
10.3853	0.262529996
10.3869	0.319585842
10.3890	0.347995716
10.3918	0.375157909
10.3950	0.375157909
10.3985	0.413297081
10.4026	0.445606518
10.4075	0.474030102
10.4137	0.499555468
10.4209	0.512335221
10.4283	0.512335221
10.4353	0.512335221
10.4413	0.512335221
10.4459	0.512335221
10.4494	0.512335221
10.4521	0.512335221
10.4539	0.581781762
10.4555	0.581781762
10.4571	0.719078889
10.4596	0.688320267
10.4624	0.67150944
10.4657	0.585094015
10.4696	0.500942399
10.4737	0.415378389
10.4786	0.307638663
10.4839	0.207175457
10.4881	0.092852459
10.4910	0.042703257
10.4938	0.01420507
10.4955	-0.316225478
10.4980	-0.252060061
10.4998	-0.159463653
10.5031	-0.120743262
10.5066	-0.148942377
10.5102	-0.173318478
10.5144	-0.153009507
10.5196	-0.12135111
10.5257	-0.093800571
10.5327	-0.066868932
10.5405	-0.038575431
10.5482	-0.022155596
10.5550	-0.022155596
10.5602	-0.022155596
10.5637	-0.022155596
10.5663	-0.022155596
10.5684	-0.022155596
10.5700	-0.022155596
10.5714	-0.022155596
10.5726	-0.022155596
10.5758	-0.022155596
10.5806	0.050375118
10.5864	0.128304415
10.5928	0.17735516
10.5993	0.294196138
10.6051	0.312579733
10.6109	0.349698649
10.6168	0.447576363
10.6225	0.495614287
10.6281	0.550585217
10.6330	0.61157407
10.6373	0.645653283
10.6413	0.689827613
10.6447	0.724843319
10.6480	0.807030524
10.6517	0.900884725
10.6560	0.992026876
10.6606	1.058730648
10.6659	1.114918919
10.6716	1.171594489
10.6779	1.18292724
10.6845	1.215550934
10.6915	1.147978414
10.6992	1.058361962
10.7070	0.949275693
10.7147	0.822006171
10.7217	0.704150867
10.7281	0.540754094
10.7337	0.480920556
10.7383	0.399013695
10.7418	0.311548669
10.7441	0.228610875
10.7456	0.119835109
10.7483	0.072913375
10.7508	0.057099614
10.7529	0.12728473
10.7545	0.211436347
10.7560	0.312658725
10.7573	0.451063423
10.7588	0.551526629
10.7598	0.681147691
10.7609	0.747124922
10.7626	0.791413896
10.7655	0.83887611
10.7699	0.980698243
10.7756	1.076088865
10.7828	1.192882908
10.7913	1.305304004
10.8000	1.46085273
10.8089	1.571649497
10.8177	1.586675089
10.8264	1.586675089
10.8351	1.573763516
10.8442	1.561066062
10.8530	1.522590124
10.8619	1.465927788
10.8710	1.427597196
10.8795	1.396517486
10.8871	1.36546133
10.8934	1.306484503
10.8984	1.29927075
10.9022	1.197473287
10.9055	1.175551818
10.9091	1.162129686
10.9132	1.162129686
10.9179	1.162129686
10.9228	1.090503782
10.9280	1.05177673
10.9330	0.96739171
10.9373	0.919104045
10.9412	0.856742231
10.9449	0.761380723
10.9489	0.69136392
10.9538	0.605723998
10.9582	0.568312244
10.9640	0.532680582
10.9709	0.497369716
10.9787	0.480244575
10.9868	0.4639209
10.9947	0.522316485
11.0022	0.590140247
11.0091	0.655296679
11.0154	0.621295356
11.0213	0.595723718
11.0271	0.599899763
11.0333	0.550726332
11.0394	0.536953141
11.0455	0.52357061
11.0517	0.325141406
11.0580	0.168774599
11.0645	0.017989348
11.0710	-0.105201963
11.0775	-0.139281175
11.0837	-0.183455506
11.0900	-0.218471211
11.0957	-0.300658416
11.1005	-0.31281569
11.1046	-0.320307642
11.1077	-0.304469537
11.1102	-0.291519405
11.1121	-0.320759551
11.1137	-0.346413214
11.1152	-0.409003346
11.1171	-0.372157579
11.1193	-0.345002931
11.1216	-0.299125559
11.1244	-0.279725848
11.1277	-0.252560863
11.1319	-0.233995023
11.1368	-0.271687801
11.1428	-0.32317085
11.1502	-0.281635533
11.1588	-0.29430856
11.1681	-0.312905442
11.1771	-0.395205365
11.1845	-0.552632771
11.1900	-0.591098808
11.1938	-0.565996445
11.1966	-0.576291371
11.1991	-0.536885986
11.2027	-0.529913982
11.2068	-0.473878562
11.2115	-0.426711061
11.2167	-0.449069832
11.2224	-0.332816328
11.2282	-0.347207975
11.2334	-0.3344296
11.2390	-0.309995502
11.2446	-0.333570789
11.2504	-0.293984823
11.2565	-0.264897375
11.2632	-0.291681459
11.2705	-0.320441897
11.2781	-0.374251188
11.2858	-0.328852511
11.2934	-0.240329217
11.3009	-0.22409891
11.3082	-0.184052866
11.3156	-0.151811804
11.3234	-0.182476776
11.3313	-0.182476776
11.3394	-0.117807557
11.3473	-0.133635587
11.3553	-0.149426374
11.3636	-0.091960023
11.3719	-0.153199157
11.3798	-0.15800165
11.3872	-0.189975844
11.3945	-0.189975844
11.4016	-0.205898415
11.4088	-0.205898415
11.4160	-0.205898415
11.4232	-0.142213205
11.4301	-0.142213205
11.4367	-0.06823066
11.4432	-0.06823066
11.4495	0.001519895
11.4558	-0.022243815
11.4622	-0.062152456
11.4687	-0.095261717
11.4753	-0.12212726
11.4814	-0.156591393
11.4871	-0.163427856
11.4928	-0.141506387
11.4986	-0.128084256
11.5045	-0.128084256
11.5105	-0.128084256
11.5166	-0.056458351
11.5222	-0.017731299
11.5268	0.06665372
11.5303	0.114941385
11.5325	0.147634364
11.5341	0.221568648
11.5353	0.258505246
11.5368	0.330465997
11.5380	0.393033448
11.5387	0.760101473
11.5408	0.752204515
11.5433	0.740988518
11.5450	0.675832086
11.5474	0.637302695
11.5495	0.638200086
11.5522	0.584973296
11.5556	0.581019703
11.5591	0.52782248
11.5621	0.464409654
11.5645	0.526917177
11.5666	0.588105832
11.5685	0.650615891
11.5698	0.758383718
11.5710	0.758383718
11.5722	0.782150192
11.5734	0.745299392
11.5747	0.714486807
11.5767	0.590513856
11.5790	0.448896812
11.5817	0.300454124
11.5849	0.152605683
11.5877	0.054504876
11.5898	0.012246729
11.5916	0.042213167
11.5931	0.07293992
11.5945	0.10050158
11.5958	0.134721305
11.5971	0.218063041
11.5985	0.446790172
11.6005	0.432421385
11.6034	0.486347853
11.6059	0.53976195
11.6080	0.609379699
11.6097	0.718774582
11.6113	0.763345489
11.6126	0.74493733
11.6139	0.765680637
11.6154	0.755447973
11.6175	0.782655994
11.6204	0.795292312
11.6237	0.805446627
11.6284	0.879702325
11.6343	0.763338539
11.6416	0.744100077
11.6495	0.744100077
11.6574	0.722508732
11.6650	0.748548652
11.6719	0.640430804
11.6780	0.558999151
11.6878	0.487008321
11.6913	0.445315523
11.6938	0.395126104
11.6958	0.245219908
11.6976	0.112140715
11.6996	0.011794692
11.7012	-0.028251352
11.7028	-0.076150782
11.7043	-0.076150782
11.7055	-0.076150782
11.7069	-0.156118064
11.7083	-0.156118064
11.7105	-0.156118064
11.7134	-0.231042634
11.7176	-0.231042634
11.7229	-0.309202541
11.7294	-0.335819614
11.7364	-0.35731739
11.7432	-0.358136476
11.7492	-0.245629423
11.7543	-0.138152632
11.7585	-0.104068869
11.7620	-0.010376349
11.7647	-0.07286897
11.7673	-0.049670643
11.7701	-0.107923706
11.7735	-0.107923706
11.7776	-0.186990029
11.7822	-0.275007343
11.7872	-0.340077315
11.7923	-0.406667101
11.7979	-0.410813626
11.8042	-0.453557005
11.8110	-0.495624251
11.8183	-0.485481981
11.8261	-0.47518466
11.8345	-0.454482785
11.8434	-0.434257086
11.8523	-0.404075002
11.8612	-0.394302636
11.8698	-0.374545871
11.8787	-0.403228749
11.8873	-0.432067164
11.8949	-0.482566597
11.9016	-0.51780411
11.9074	-0.592752483
11.9126	-0.65762949
11.9174	-0.648475357
11.9220	-0.627359002
11.9264	-0.582108607
11.9310	-0.560689479
11.9358	-0.491561933
11.9402	-0.451075325
11.9436	-0.49379926
11.9458	-0.515697734
11.9475	-0.602651078
11.9488	-0.629051222
11.9498	-0.579841669
11.9526	-0.521874826
11.9564	-0.455974014
11.9610	-0.377263976
11.9666	-0.306598594
11.9728	-0.250019534
11.9802	-0.250019534
11.9883	-0.250019534
11.9967	-0.215119389
12.0053	-0.186130218
12.0139	-0.161602143
12.0225	-0.119253019
12.0313	-0.099229589
12.0400	-0.025103402
12.0490	0.028017013
12.0582	0.059905635
12.0671	0.074427795
12.0763	0.087924447
12.0855	0.100606623
12.0949	0.025850979
12.1047	-0.018719929
12.1143	-0.084849625
12.1239	-0.163406835
12.1337	-0.243909614
12.1435	-0.332200149
12.1536	-0.425177821
12.1636	-0.502765515
12.1735	-0.577021213
12.1831	-0.593961089
12.1924	-0.574722627
12.2022	-0.574722627
12.2123	-0.553131283
12.2226	-0.530715407
12.2330	-0.422597559
12.2433	-0.341165906
12.2536	-0.226681613
12.2638	-0.139497746
12.2738	-0.052463649
12.2836	0.068072101
12.2930	0.145252588
12.3020	0.245598612
12.3106	0.245598612
12.3181	0.245598612
12.3245	0.245598612
12.3307	0.245598612
12.3371	0.245598612
12.3441	0.245598612
12.3514	0.245598612
12.3585	0.245598612
12.3655	0.245598612
12.3720	0.279914635
12.3776	0.306531708
12.3824	0.328029484
12.3869	0.293088374
12.3913	0.180581321
12.3955	0.122736256
12.3995	0.024967284
12.4033	-0.123693821
12.4070	-0.135183745
12.4106	-0.158382072
12.4141	-0.198278463
12.4176	-0.223572119
12.4204	-0.166370442
12.4227	-0.120130152
12.4249	-0.090099497
12.4277	-0.084068716
12.4304	-0.098236267
12.4330	-0.083449683
12.4354	-0.106687318
12.4374	-0.169412622
12.4391	-0.248578497
12.4406	-0.336058942
12.4420	-0.309059978
12.4440	-0.309059978
12.4456	-0.309059978
12.4474	-0.309059978
12.4494	-0.309059978
12.4522	-0.309059978
12.4557	-0.309059978
12.4596	-0.309059978
12.4641	-0.344897769
12.4689	-0.228728428
12.4745	-0.228728428
12.4811	-0.228728428
12.4880	-0.228728428
12.4951	-0.228728428
12.5026	-0.165817822
12.5102	-0.165817822
12.5174	-0.165817822
12.5233	-0.165817822
12.5275	-0.165817822
12.5304	-0.165817822
12.5330	-0.165817822
12.5352	3.439692257
12.5369	0.258072347
12.5401	0.350295097
12.5439	0.392618157
12.5522	0.439710133
12.5584	0.467084163
12.5628	0.531523567
12.5662	0.575973982
12.5690	0.575973982
12.5717	0.575973982
12.5745	0.575973982
12.5770	0.575973982
12.5802	0.575973982
12.5836	0.575973982
12.5866	0.575973982
12.5887	0.575973982
12.5909	0.575973982
12.5935	0.575973982
12.5976	0.575973982
12.6029	0.575973982
12.6091	0.575973982
12.6161	0.459804641
12.6239	0.459804641
12.6323	0.459804641
12.6411	0.459804641
12.6498	0.506192184
12.6586	0.582082066
12.6672	0.620308555
12.6754	0.699527872
12.6831	0.802850101
12.6904	0.874880249
12.6973	0.874880249
12.7035	0.874880249
12.7094	0.874880249
12.7146	0.874880249
12.7189	0.962187056
12.7223	1.054899575
12.7249	1.132781152
12.7269	1.193008929
12.7284	1.252424488
12.7297	1.312209413
12.7311	1.367523208
12.7333	1.417787442
12.7369	1.433301307
12.7414	1.463945948
12.7466	1.478821074
12.7520	1.419832935
12.7574	1.333611214
12.7628	1.239621678
12.7682	1.122767769
12.7735	0.996158713
12.7789	0.813820849
12.7842	0.627947091
12.7897	0.46020331
12.7950	0.353182587
12.7997	0.286121079
12.8039	0.189403088
12.8075	0.11622462
12.8106	0.006914133
12.8128	-0.068413664
12.8145	-0.21092368
12.8159	-0.367619476
12.8167	-3.065694368
12.8188	-2.9898737
12.8215	-2.678544721
12.8240	-2.380882974
12.8265	-2.115890968
12.8285	-1.733699489
12.8298	-0.159104891
12.8332	-0.039734823
12.8375	0.062714634
12.8426	0.206993908
12.8475	0.341866713
12.8525	0.4155818
12.8575	0.584819744
12.8629	0.717418425
12.8688	0.793370672
12.8752	0.845548642
12.8816	0.945456261
12.8883	1.091030965
12.8950	1.253914666
12.9019	1.288621713
12.9093	1.229653292
12.9169	1.186239697
12.9247	1.143205409
12.9329	1.07936788
12.9413	1.095540412
12.9496	1.100382829
12.9579	1.19733629
12.9663	1.272977091
12.9748	1.313716988
12.9834	1.361304703
12.9920	1.378336137
13.0008	1.378336137
13.0093	1.378336137
13.0178	1.378336137
13.0263	1.414188783
13.0347	1.414188783
13.0432	1.414188783
13.0514	1.414188783
13.0592	1.414188783
13.0672	1.414188783
13.0754	1.414188783
13.0838	1.414188783
13.0921	1.391274972
13.1005	1.367885869
13.1089	1.341429652
13.1173	1.341429652
13.1264	1.340926632
13.1356	1.26503675
13.1442	1.226810261
13.1516	1.234127826
13.1579	1.130805597
13.1632	1.058775449
13.1674	1.058775449
13.1709	1.058775449
13.1749	1.099794606
13.1797	1.138389108
13.1846	1.08599394
13.1904	1.019622189
13.1968	1.01954182
13.2040	1.05356827
13.2112	1.105562278
13.2178	1.186212233
13.2240	1.269264372
13.2300	1.28093469
13.2363	1.323046745
13.2423	1.310986866
13.2485	1.277480465
13.2549	1.316952245
13.2616	1.42305142
13.2690	1.557768047
13.2772	1.717373996
13.2864	1.876678131
13.2963	1.974516109
13.3065	1.94855396
13.3169	1.88578982
13.3273	1.774985909
13.3375	1.561006957
13.3470	1.276470961
13.3558	0.946290217
13.3636	0.670941946
13.3705	0.484733547
13.3768	0.368578405
13.3826	0.324816032
13.3873	0.312041781
13.3912	0.323794993
13.3945	0.381769479
13.3973	0.417973546
13.3995	0.431268425
13.4012	0.40021767
13.4027	0.333227276
13.4045	0.265292375
13.4066	0.151212633
13.4093	0.046300488
13.4129	-0.059151007
13.4172	-0.214079874
13.4214	-0.358909955
13.4251	-0.502807693
13.4281	-0.537233104
13.4303	-0.530657761
13.4317	-0.4896578
13.4330	-0.456670274
13.4341	-0.30580338
13.4357	-0.281708524
13.4375	-0.28980293
13.4396	-0.298278761
13.4420	-0.312233376
13.4446	-0.298823254
13.4474	-0.220432394
13.4512	-0.147325804
13.4563	-0.074910643
13.4626	-0.014866282
13.4697	0.001449762
13.4774	-0.030443851
13.4860	-0.030443851
13.4956	-0.030443851
13.5059	-0.045885361
13.5166	-0.090658817
13.5272	-0.1442319
13.5373	-0.216299628
13.5473	-0.269862228
13.5570	-0.320344709
13.5663	-0.38828761
13.5754	-0.417733356
13.5841	-0.472540317
13.5923	-0.573903242
13.5997	-0.662689793
13.6061	-0.836156893
13.6108	-0.993327061
13.6145	-1.114757078
13.6179	-1.198473517
13.6221	-1.248927836
13.6266	-1.264898498
13.6323	-1.264898498
13.6391	-1.279668419
13.6468	-1.329895891
13.6555	-1.385964831
13.6645	-1.445726608
13.6735	-1.49752999
13.6818	-1.538475013
13.6890	-1.593262073
13.6956	-1.636375668
13.7014	-1.693442489
13.7066	-1.767092481
13.7112	-1.743703379
13.7151	-1.717247161
13.7183	-1.717247161
13.7209	-1.763131684
13.7233	-1.818445881
13.7255	-1.865737921
13.7276	-1.990186882
13.7300	-2.022157929
13.7330	-2.053754143
13.7369	-2.125411734
13.7410	-2.171721807
13.7451	-2.212740965
13.7488	-2.315436532
13.7519	-2.350348171
13.7545	-2.376688939
13.7568	-2.546246055
13.7587	-2.640500282
13.7609	-2.75190985
13.7626	-2.94479979
13.7643	-3.083165724
13.7656	-3.062188397
13.7663	-2.998447854
13.7690	-2.863996401
13.7728	-2.693811145
13.7774	-2.503398063
13.7828	-2.265847712
13.7888	-2.004787697
13.7946	-1.763763901
13.8001	-1.611356031
13.8055	-1.506840593
13.8115	-1.46307822
13.8177	-1.45030397
13.8244	-1.45030397
13.8311	-1.382629408
13.8380	-1.30473047
13.8450	-1.220280342
13.8516	-1.080956921
13.8574	-0.909554668
13.8622	-0.740696866
13.8658	-0.626617124
13.8681	-0.433715353
13.8699	-0.211199187
13.8709	0.017535762
13.8716	0.386228695
13.8728	0.339648007
13.8746	0.298648046
13.8767	0.26566052
13.8793	0.21434051
13.8824	0.166156421
13.8855	0.113763229
13.8883	0.015028187
13.8904	-0.061848421
13.8919	-0.132631032
13.8935	-0.217508651
13.8945	-0.316799051
13.8958	-0.392034441
13.8969	-0.492345353
13.8981	-0.603843221
13.8995	-0.603843221
13.9014	-0.669322229
13.9030	-0.669322229
13.9042	-0.669322229
13.9052	-0.327084363
13.9064	-0.267322586
13.9077	-0.215519204
13.9091	-0.174574181
13.9105	-0.11978712
13.9117	-0.076673526
13.9127	0.076957098
13.9142	0.076957098
13.9163	0.076957098
13.9190	0.076957098
13.9223	0.076957098
13.9263	0.132271295
13.9316	0.179563335
13.9380	0.217475414
13.9450	0.249446461
13.9526	0.281042675
13.9602	0.352700267
13.9676	0.399010339
13.9746	0.399010339
13.9812	0.463111405
13.9877	0.463111405
13.9937	0.463111405
13.9986	0.554867314
14.0027	0.554867314
14.0060	0.554867314
14.0084	0.607322375
14.0103	0.607322375
14.0119	0.524410495
14.0134	0.417695267
14.0148	0.417695267
14.0159	0.417695267
14.0165	-0.572385969
14.0180	0.391755265
14.0202	0.407606222
14.0234	0.425335583
14.0279	0.463172835
14.0329	0.507559611
14.0381	0.565838654
14.0433	0.600925041
14.0480	0.600925041
14.0520	0.600925041
14.0557	0.600925041
14.0585	0.600925041
14.0612	0.600925041
14.0636	0.600925041
14.0664	0.600925041
14.0688	0.600925041
14.0709	0.600925041
14.0727	0.600925041
14.0745	0.600925041
14.0759	0.600925041
14.0770	0.600925041
14.0778	0.600925041
14.0887	0.600925041
14.0970	0.600925041
14.1044	0.600925041
14.1113	0.600925041
14.1184	0.600925041
14.1248	0.600925041
14.1313	0.600925041
14.1395	0.600925041
14.1477	0.600925041
14.1554	0.600925041
14.1623	0.600925041
14.1691	0.600925041
14.1752	0.600925041
14.1804	0.600925041
14.1847	0.600925041
14.1889	0.600925041
14.1931	0.600925041
14.1994	0.600925041
14.2034	0.600925041
14.2066	0.600925041
14.2104	0.600925041
14.2146	0.600925041
14.2179	0.600925041
14.2216	0.585603655
14.2254	0.585603655
14.2292	0.585603655
14.2333	0.598658083
14.2378	0.58606882
14.2432	0.561638347
14.2500	0.538376404
14.2565	0.516021655
14.2627	0.5587489
14.2683	0.611965114
14.2735	0.683240839
14.2780	0.76710906
14.2814	0.841474973
14.2842	0.899016199
14.2869	0.925493267
14.2889	0.909343126
14.2908	0.895706025
14.2922	0.872869486
14.2933	0.968403331
14.2951	1.000120863
14.2976	1.041580692
14.3004	1.093808346
14.3038	1.144530942
14.3086	1.149475068
14.3136	1.158401946
14.3185	1.142540748
14.3241	1.1496178
14.3306	1.191745247
14.3374	1.198487631
14.3447	1.225754273
14.3523	1.240524249
14.3602	1.312495576
14.3683	1.372642578
14.3768	1.433336235
14.3857	1.492726336
14.3949	1.511690497
14.4042	1.470009193
14.4137	1.434922805
14.4231	1.454335844
14.4331	1.454335844
14.4434	1.454335844
14.4537	1.416081907
14.4632	1.326920195
14.4723	1.237622248
14.4806	1.179708389
14.4883	1.13835186
14.4959	1.117258217
14.5040	1.082730061
14.5122	1.036119228
14.5204	0.981257324
14.5289	0.933790434
14.5374	0.880551297
14.5455	0.941953325
14.5538	1.00326696
14.5628	1.054866238
14.5730	1.130164278
14.5844	1.214296922
14.5965	1.277407133
14.6089	1.340018025
14.6214	1.411019184
14.6330	1.46700907
14.6437	1.511578514
14.6533	1.534347
14.6622	1.569894464
14.6702	1.611193302
14.6778	1.642246981
14.6847	1.694838387
14.6911	1.714650505
14.6966	1.714650505
14.7018	1.690059237
14.7073	1.658868731
14.7126	1.625247554
14.7181	1.584646315
14.7237	1.631548049
14.7296	1.631548049
14.7357	1.631548049
14.7420	1.646869436
14.7485	1.646869436
14.7551	1.646869436
14.7617	1.633815007
14.7685	1.646404271
14.7753	1.670834744
14.7821	1.694096687
14.7889	1.716451436
14.7954	1.673724191
14.8017	1.620507977
14.8078	1.567963266
14.8141	1.505226927
14.8201	1.455565765
14.8256	1.398024539
14.8307	1.407641648
14.8355	1.460070074
14.8405	1.514479156
14.8457	1.573842458
14.8512	1.612484338
14.8568	1.638465888
14.8619	1.675197965
14.8667	1.699338695
14.8714	1.699338695
14.8771	1.664078556
14.8835	1.629180598
14.8907	1.498062159
14.8990	1.45798665
14.9083	1.406050493
14.9180	1.279069007
14.9277	1.150697202
14.9373	1.041448021
14.9465	0.938822031
14.9547	0.948980635
14.9626	0.963908079
14.9705	0.953174624
14.9789	0.931993323
14.9877	0.931993323
14.9966	0.918549641
15.0053	0.91980971
15.0136	0.962133869
15.0208	0.985334695
15.0272	1.070285991
15.0328	1.187748029
15.0378	1.393855179
15.0424	1.337498036
15.0464	1.264868106
15.0496	1.212640451
15.0526	1.161917856
15.0550	1.096930819
15.0571	1.034267683
15.0588	0.647785731
15.0612	0.480576848
15.0648	0.334167421
15.0705	0.202174246
15.0777	0.059701282
15.0860	-0.063197177
15.0951	-0.167345731
15.1053	-0.268566602
15.1153	-0.380955091
15.1247	-0.490109303
15.1340	-0.481026532
15.1431	-0.503795018
15.1512	-0.539342482
15.1589	-0.58064132
15.1658	-0.657359133
15.1718	-0.709950538
15.1767	-0.729762657
15.1802	-0.806430471
15.1825	-0.781839203
15.1837	-1.104974753
15.1862	-1.036482946
15.1902	-0.912452724
15.1957	-0.834668639
15.2014	-0.750105569
15.2095	-0.650604928
15.2170	-0.580528264
15.2267	-0.454132986
15.2356	-0.367997015
15.2446	-0.257134379
15.2533	-0.176504761
15.2608	-0.035942158
15.2685	0.121300089
15.2753	0.306819045
15.2809	0.578286401
15.2855	0.84740443
15.2892	1.064345067
15.2922	1.231631859
15.2947	1.325959784
15.2971	1.336473718
15.2997	1.347207172
15.3021	1.358085386
15.3040	1.358085386
15.3058	1.38384798
15.3080	1.369429724
15.3098	1.270131632
15.3117	1.168973757
15.3139	1.090326257
15.3159	1.012762703
15.3174	0.823949351
15.3187	1.176337329
15.3216	1.250016967
15.3255	1.344665134
15.3299	1.492508687
15.3338	1.553572534
15.3371	1.610718924
15.3409	1.668336382
15.3449	1.668336382
15.3488	1.736883276
15.3527	1.817308038
15.3568	1.817308038
15.3607	1.914061072
15.3634	1.914061072
15.3650	1.914061072
15.3662	1.914061072
15.3680	1.914061072
15.3708	1.954802342
15.3742	1.930612536
15.3783	1.89413195
15.3827	1.876768331
15.3867	1.864518399
15.3905	1.930568681
15.3940	2.051661079
15.3970	2.107215489
15.3998	2.008261118
15.4029	1.907091656
15.4064	1.768055543
15.4100	1.768055543
15.4136	1.870277954
15.4170	1.976084809
15.4201	2.061180601
15.4231	2.141574498
15.4260	2.208749422
15.4286	2.247515237
15.4312	2.288553581
15.4337	2.252782352
15.4352	2.187148667
15.4364	2.153354472
15.4375	1.440073069
15.4391	1.414356798
15.4412	1.375119774
15.4430	1.358711489
15.4448	1.328555638
15.4467	1.347596504
15.4483	1.393281056
15.4498	1.421800103
15.4512	1.436250872
15.4522	1.496020858
15.4535	1.522239502
15.4552	1.547217124
15.4569	1.612258565
15.4586	1.650805123
15.4604	1.688408409
15.4618	1.701361472
15.4631	1.614817626
15.4640	1.49220775
15.4651	1.382227797
15.4658	1.04113964
15.4674	1.029296874
15.4692	1.06498302
15.4713	1.02334685
15.4732	0.969021941
15.4750	0.815908131
15.4768	0.682318479
15.4788	0.590065472
15.4803	0.448253572
15.4818	0.285392663
15.4829	0.133894136
15.4840	0.058534444
15.4853	0.047616813
15.4867	0.053614002
15.4885	0.101274683
15.4908	0.208859793
15.4934	0.299249376
15.4962	0.421008813
15.4985	0.493670257
15.5009	0.59699992
15.5034	0.59699992
15.5061	0.59699992
15.5089	0.59699992
15.5115	0.537133928
15.5142	0.439784174
15.5172	0.386887856
15.5210	0.275608931
15.5261	0.222053989
15.5321	0.099393326
15.5387	0.034499878
15.5453	-0.039179761
15.5517	-0.133827928
15.5577	-0.28167148
15.5632	-0.342735327
15.5688	-0.399881717
15.5747	-0.457499175
15.5813	-0.457499175
15.5882	-0.52604607
15.5955	-0.606470832
15.6034	-0.606470832
15.6117	-0.703223866
15.6197	-0.703223866
15.6270	-0.703223866
15.6333	-0.703223866
15.6386	-0.611650637
15.6430	-0.503103446
15.6470	-0.361033035
15.6512	-0.322359294
15.6563	-0.322359294
15.6625	-0.312015217
15.6699	-0.293040661
15.6783	-0.444823677
15.6869	-0.664335081
15.6960	-0.782372175
15.7053	-0.786915646
15.7147	-0.687251303
15.7240	-0.516467914
15.7334	-0.451907415
15.7427	-0.414778395
15.7514	-0.470220835
15.7593	-0.516373154
15.7660	-0.516373154
15.7720	-0.46136685
15.7770	-0.388142513
15.7816	-0.285577969
15.7859	-0.108011899
15.7894	0.083426506
15.7922	0.198733765
15.7943	0.288900659
15.7960	0.390704548
15.7973	0.508602343
15.7983	0.939018909
15.8015	0.939018909
15.8061	0.900633992
15.8124	0.836624255
15.8201	0.783123541
15.8286	0.667996402
15.8382	0.53052715
15.8487	0.367020228
15.8597	0.261257418
15.8713	0.17649831
15.8831	0.0661023
15.8947	0.079912363
15.9059	0.113012667
15.9170	0.130887585
15.9277	0.129692008
15.9384	0.144645807
15.9491	0.129925808
15.9598	0.05612056
15.9706	-0.043222176
15.9814	-0.122320343
15.9922	-0.323182385
16.0028	-0.525425075
16.0134	-0.682840669
16.0239	-0.83198379
16.0344	-0.904645233
16.0451	-0.992913998
16.0560	-0.943169017
16.0669	-1.013669659
16.0780	-1.085872536
16.0890	-1.123791447
16.0999	-1.183199659
16.1109	-1.243273151
16.1216	-1.280471451
16.1321	-1.297507365
16.1424	-1.313358181
16.1526	-1.344843465
16.1629	-1.329464043
16.1733	-1.314421415
16.1835	-1.299704326
16.1932	-1.299704326
16.2020	-1.299704326
16.2099	-1.313395078
16.2169	-1.299733045
16.2230	-1.257957867
16.2276	-1.230069633
16.2314	-1.215888886
16.2341	-1.201350635
16.2360	-1.201350635
16.2370	-1.201350635
16.2381	-1.201350635
16.2389	-1.241174695
16.2404	-1.142377482
16.2416	-0.994614473
16.2429	-0.896189707
16.2439	-0.896685385
16.2464	-0.983348512
16.2499	-1.033730077
16.2549	-1.070859097
16.2609	-1.001084941
16.2681	-0.954932623
16.2750	-0.970392704
16.2813	-1.025399008
16.2871	-1.114694215
16.2927	-1.233919116
16.2988	-1.337103979
16.3055	-1.405470168
16.3128	-1.381133857
16.3202	-1.345342262
16.3274	-1.295923424
16.3344	-1.290500948
16.3409	-1.38027275
16.3469	-1.4611781
16.3525	-1.488301975
16.3580	-1.461259205
16.3632	-1.433384294
16.3682	-1.423984969
16.3732	-1.472242228
16.3785	-1.481870798
16.3843	-1.443090913
16.3906	-1.395750896
16.3969	-1.473432427
16.4033	-1.473432427
16.4099	-1.39489135
16.4166	-1.257589124
16.4235	-1.186846296
16.4307	-1.105360356
16.4379	-1.020057747
16.4452	-0.915524224
16.4523	-0.842437773
16.4594	-0.736007046
16.4664	-0.736007046
16.4732	-0.643251214
16.4799	-0.526171433
16.4864	-0.526171433
16.4927	-0.526171433
16.4992	-0.526171433
16.5055	-0.526171433
16.5114	-0.526171433
16.5170	-0.526171433
16.5227	-0.458629954
16.5282	-0.378200868
16.5331	-0.302351821
16.5375	-0.302351821
16.5419	-0.302351821
16.5470	-0.223766873
16.5526	-0.195325763
16.5588	-0.175466033
16.5654	-0.159199943
16.5724	-0.104111214
16.5795	-0.0533222
16.5864	0.035347514
16.5931	0.092457569
16.5995	0.164038582
16.6058	0.22811862
16.6120	0.346249418
16.6179	0.483418028
16.6239	0.579070718
16.6301	0.592059847
16.6357	0.562838939
16.6401	0.532403435
16.6433	0.465077254
16.6452	0.518132359
16.6461	-0.50949172
16.6485	-0.485421506
16.6513	-0.469961425
16.6547	-0.450081937
16.6591	-0.434011067
16.6646	-0.41735071
16.6708	-0.403229781
16.6775	-0.33925117
16.6845	-0.287573118
16.6914	-0.242675891
16.6983	-0.194227527
16.7050	-0.133402586
16.7115	-0.02549172
16.7171	0.06474152
16.7228	0.130350359
16.7282	0.183188241
16.7329	0.217085815
16.7369	0.173155398
16.7399	0.126058917
16.7423	0.053504642
16.7445	-0.094183145
16.7467	-0.181786345
16.7489	-0.316129465
16.7508	-0.458050636
16.7523	-0.458050636
16.7533	-0.458050636
16.7553	-0.458050636
16.7581	-0.458050636
16.7612	-0.458050636
16.7645	-0.458050636
16.7680	-0.458050636
16.7718	-0.458050636
16.7759	-0.458050636
16.7796	-0.458050636
16.7825	-0.458050636
16.7843	-0.458050636
16.7856	-0.458050636
16.7870	-0.458050636
16.7882	-0.458050636
16.7892	-0.499322552
16.7918	-0.535787255
16.7953	-0.593001806
16.7994	-0.615604363
16.8038	-0.651835568
16.8088	-0.683605695
16.8148	-0.713239201
16.8212	-0.755750231
16.8282	-0.847141815
16.8356	-0.901469487
16.8432	-0.872248579
16.8509	-0.856873974
16.8584	-0.839292774
16.8655	-0.821847237
16.8719	-0.821847237
16.8774	-0.821847237
16.8819	-0.796957905
16.8857	-0.796957905
16.8886	-0.796957905
16.8908	-0.751941453
16.8929	-0.751941453
16.8943	-0.771069573
16.8957	-0.881498997
16.8968	-0.963970034
16.8975	-0.989806346
16.8982	-0.550532685
16.9014	-0.640480365
16.9028	-0.783373712
16.9044	-0.649030592
16.9071	-0.507109422
16.9107	-0.507109422
16.9148	-0.507109422
16.9197	-0.507109422
16.9251	-0.507109422
16.9316	-0.507109422
16.9391	-0.507109422
16.9466	-0.507109422
16.9555	-0.507109422
16.9645	-0.507109422
16.9735	-0.507109422
16.9815	-0.507109422
16.9882	-0.507109422
16.9939	-0.507109422
16.9989	-0.507109422
17.0026	-0.507109422
17.0051	-0.507109422
17.0060	-0.507109422
17.0066	-0.345036954
17.0082	-0.345036954
17.0090	-0.282272048
17.0100	0.762610396
17.0112	0.661049823
17.0138	0.630820768
17.0172	0.578458093
17.0211	0.554220148
17.0260	0.522525202
17.0319	0.567924702
17.0389	0.567924702
17.0469	0.567924702
17.0555	0.603916965
17.0644	0.603916965
17.0725	0.537054393
17.0794	0.537054393
17.0848	0.537054393
17.0893	0.537054393
17.0934	0.537054393
17.0972	0.537054393
17.1015	0.537054393
17.1066	0.514051986
17.1131	0.494215118
17.1205	0.647073252
17.1291	0.776397294
17.1387	0.891804241
17.1490	0.992753213
17.1605	1.066847317
17.1726	1.134859775
17.1854	1.198487388
17.1988	1.261226599
17.2126	1.285353943
17.2270	1.296995606
17.2412	1.296995606
17.2552	1.331894854
17.2692	1.354441814
17.2830	1.365695728
17.2968	1.412911149
17.3107	1.377078696
17.3245	1.302857819
17.3384	1.211670486
17.3524	1.113802258
17.3663	0.844994553
17.3807	0.757717175
17.3948	0.699945914
17.4085	0.65524524
17.4223	0.627649972
17.4365	0.627649972
17.4503	0.558563691
17.4634	0.558563691
17.4762	0.558563691
17.4885	0.558563691
17.5002	0.558563691
17.5112	0.506312416
17.5213	0.391513534
17.5303	0.332677315
17.5382	0.332677315
17.5447	0.349458798
17.5504	0.433471749
17.5545	0.504450415
17.5576	0.603644924
17.5598	0.633456058
17.5642	0.525066185
17.5671	0.424991479
17.5698	0.335152717
17.5718	0.279529786
17.5733	0.257543689
17.5743	0.021074904
17.5756	-0.107742564
17.5776	-0.223033112
17.5801	-0.319018069
17.5830	-0.349940088
17.5863	-0.363150413
17.5906	-0.416227223
17.5956	-0.37707567
17.6021	-0.327736279
17.6090	-0.261025848
17.6158	-0.177321786
17.6227	-0.099596906
17.6294	0.038375056
17.6367	0.162763801
17.6444	0.276710072
17.6523	0.356819855
17.6605	0.452251743
17.6690	0.55542199
17.6776	0.61710026
17.6861	0.622356128
17.6949	0.60694696
17.7037	0.625897969
17.7121	0.728747169
17.7204	0.860489702
17.7284	0.977043505
17.7360	1.123202926
17.7431	1.265443796
17.7496	1.394102504
17.7552	1.509077881
17.7604	1.625785814
17.7648	1.680908841
17.7684	1.748305212
17.7709	1.717474865
17.7723	1.775109278
17.7734	1.583730849
17.7753	1.608989725
17.7780	1.639218781
17.7808	1.691581455
17.7830	1.685160619
17.7853	1.629895688
17.7873	1.476121675
17.7897	1.329631355
17.7923	1.154128889
17.7955	0.910692981
17.7995	0.67707039
17.8041	0.540624157
17.8084	0.404064241
17.8110	0.279905214
17.8129	0.187456883
17.8137	0.116767457
17.8157	0.010370808
17.8190	-0.096598799
17.8234	-0.180030438
17.8290	-0.260991556
17.8356	-0.316105991
17.8431	-0.328058969
17.8514	-0.339230437
17.8599	-0.349587008
17.8686	-0.348272606
17.8773	-0.3339822
17.8857	-0.289368423
17.8942	-0.324267671
17.9029	-0.445357165
17.9115	-0.5366681
17.9197	-0.638898014
17.9279	-0.68008125
17.9359	-0.6868815
17.9436	-0.670317867
17.9507	-0.595066316
17.9572	-0.500105006
17.9633	-0.436982562
17.9690	-0.392299669
17.9736	-0.288898872
17.9771	-0.176314345
17.9796	-0.095260377
17.9812	0.05367635
17.9827	0.121097188
17.9838	0.219516205
17.9850	0.699791497
17.9883	0.742000062
17.9928	0.742000062
17.9983	0.804724054
18.0044	0.879899369
18.0111	0.94341774
18.0183	0.9898656
18.0255	1.02719926
18.0328	1.02719926
18.0401	1.141306626
18.0472	1.141306626
18.0547	1.141306626
18.0625	1.141306626
18.0703	1.125997501
18.0784	1.110428785
18.0867	1.124439134
18.0949	1.131769202
18.1034	1.149417818
18.1123	1.164923615
18.1215	1.183856057
18.1315	1.207232472
18.1419	1.164524548
18.1525	1.093362589
18.1638	1.076318057
18.1751	1.076969592
18.1868	1.066871806
18.1983	1.036080265
18.2094	0.997568349
18.2205	1.003868659
18.2315	1.028134954
18.2426	1.064040375
18.2534	1.026602375
18.2637	0.951247391
18.2735	0.886289368
18.2828	0.837563369
18.2916	0.791706644
18.3000	0.776332019
18.3082	0.744824984
18.3157	0.693055227
18.3225	0.70691782
18.3283	0.717286688
18.3332	0.815688193
18.3369	0.733881643
18.3398	0.809716935
18.3418	0.915489414
18.3436	0.993352621
18.3454	1.055393619
18.3481	1.133867742
18.3522	1.200878754
18.3576	1.27057643
18.3642	1.33129555
18.3714	1.446451013
18.3789	1.582171079
18.3867	1.741949391
18.3950	1.943222953
18.4037	2.164059041
18.4126	2.397681633
18.4215	2.600990438
18.4299	2.717078049
18.4378	2.819711443
18.4455	3.007906151
18.4531	3.142953766
18.4604	3.26941694
18.4674	3.370599059
18.4740	3.448717799
18.4804	3.520318556
18.4868	3.544657929
18.4930	3.600742851
18.4994	3.64660075
18.5056	3.710216484
18.5121	3.765403898
18.5187	3.700312225
18.5250	3.621529137
18.5308	3.516501366
18.5364	3.377805271
18.5415	3.233745647
18.5467	3.090213475
18.5523	3.010019547
18.5578	3.059370328
18.5634	3.243795107
18.5689	3.419214639
18.5743	3.609685274
18.5794	3.774236787
18.5839	3.899397135
18.5877	3.96404159
18.5911	3.975815516
18.5942	3.999970451
18.5968	4.088398949
18.5990	4.08035903
18.6008	3.961195005
18.6023	3.735564965
18.6036	3.571432312
18.6049	3.377912207
18.6059	2.896129012
18.6072	2.738817547
18.6091	2.685630646
18.6116	2.628683574
18.6148	2.628683574
18.6186	2.59873346
18.6230	2.57123753
18.6287	2.550456254
18.6353	2.550456254
18.6423	2.490140512
18.6496	2.440339257
18.6570	2.384616987
18.6647	2.411539098
18.6721	2.462864204
18.6786	2.498869643
18.6841	2.546806544
18.6889	2.661862088
18.6935	2.787382881
18.6987	2.934816748
18.7046	3.052615803
18.7113	3.136785851
18.7190	3.192621885
18.7280	3.234479925
18.7375	3.262441635
18.7473	3.238723861
18.7574	3.084991935
18.7675	2.930184766
18.7782	2.778482479
18.7889	2.647124756
18.7998	2.532653764
18.8111	2.354994985
18.8224	2.177752816
18.8338	2.042828031
18.8455	1.99240023
18.8575	1.91634482
18.8699	1.852351576
18.8819	1.79333745
18.8943	1.72284031
18.9066	1.683443542
18.9188	1.631496374
18.9307	1.557113648
18.9424	1.472606986
18.9542	1.436841777
18.9661	1.374322011
18.9780	1.350705999
18.9898	1.301764444
19.0015	1.256070647
19.0131	1.191888407
19.0248	1.127304162
19.0365	1.209551308
19.0483	1.235776651
19.0601	1.227575614
19.0721	1.235867088
19.0841	1.215799645
19.0960	1.18084583
19.1080	1.167850358
19.1201	1.098152682
19.1317	0.987784188
19.1427	0.891013451
19.1534	0.828745813
19.1633	0.793120207
19.1732	0.734856432
19.1831	0.672954325
19.1938	0.589901654
19.2048	0.530430668
19.2164	0.51666312
19.2274	0.469813889
19.2377	0.30743594
19.2472	0.149578344
19.2559	0.020247793
19.2639	-0.094425949
19.2715	-0.196250285
19.2787	-0.313470478
