#1
double tab1(3081,2)   # comment line
0.00	0.00000
1.00	0.00000
2.00	4.57897
3.00	6.81442
4.00	7.59279
5.00	7.69373
6.00	6.75365
7.00	5.40307
8.00	4.53871
9.00	3.12107
10.00	3.07400
11.00	4.74444
12.00	7.18660
13.00	9.29927
14.00	10.91943
15.00	12.78582
16.00	13.27678
17.00	13.93953
18.00	14.46448
19.00	15.08496
20.00	15.67881
21.00	16.40004
22.00	15.91446
23.00	14.87735
24.00	13.56223
25.00	12.43214
26.00	12.55819
27.00	14.73481
28.00	17.59974
29.00	19.98299
30.00	21.99190
31.00	24.21926
32.00	26.35316
33.00	27.88073
34.00	28.95627
35.00	29.64250
36.00	30.25135
37.00	30.61083
38.00	30.89509
39.00	31.07769
40.00	31.26193
41.00	31.30435
42.00	31.42434
43.00	31.46683
44.00	31.60127
45.00	31.68611
46.00	31.67893
47.00	31.52356
48.00	31.32533
49.00	31.14886
50.00	31.20521
51.00	31.25484
52.00	31.33257
53.00	31.46697
54.00	31.66486
55.00	31.70027
56.00	31.83448
57.00	32.01844
58.00	32.23052
59.00	32.32238
60.00	32.56980
61.00	32.70414
62.00	32.90924
63.00	33.00801
64.00	33.20611
65.00	33.35497
66.00	33.54557
67.00	33.72216
68.00	33.56055
69.00	33.48126
70.00	33.29116
71.00	32.92294
72.00	32.61253
73.00	32.31563
74.00	32.00333
75.00	31.52320
76.00	30.84451
77.00	30.15907
78.00	29.22587
79.00	26.69836
80.00	23.60194
81.00	20.12328
82.00	16.44648
83.00	13.43059
84.00	11.01963
85.00	9.11983
86.00	8.50445
87.00	9.00752
88.00	10.24457
89.00	12.88936
90.00	15.61115
91.00	17.13680
92.00	17.65954
93.00	17.83729
94.00	18.48707
95.00	19.16603
96.00	19.46978
97.00	19.39881
98.00	18.77552
99.00	16.88929
100.00	15.80034
101.00	14.32963
102.00	12.95819
103.00	11.52278
104.00	10.77413
105.00	10.94380
106.00	10.85896
107.00	10.89459
108.00	10.97268
109.00	10.98621
110.00	10.95052
111.00	10.81654
112.00	10.72506
113.00	11.06441
114.00	11.76294
115.00	11.76944
116.00	11.62902
117.00	11.53765
118.00	11.86397
119.00	12.12493
120.00	12.02715
121.00	12.45151
122.00	13.62629
123.00	15.03227
124.00	16.27555
125.00	17.00310
126.00	17.63936
127.00	18.27560
128.00	19.06867
129.00	19.67545
130.00	20.05723
131.00	20.31813
132.00	20.71692
133.00	21.16649
134.00	21.74746
135.00	22.17812
136.00	22.72958
137.00	23.23854
138.00	23.62672
139.00	23.83881
140.00	23.83252
141.00	23.97234
142.00	23.99590
143.00	23.96607
144.00	23.92365
145.00	23.92365
146.00	24.08701
147.00	24.33535
148.00	24.19681
149.00	24.34156
150.00	24.31165
151.00	24.45149
152.00	24.59605
153.00	24.53633
154.00	24.58499
155.00	24.52368
156.00	24.40874
157.00	24.31160
158.00	24.26921
159.00	24.08708
160.00	23.91739
161.00	23.79010
162.00	23.46963
163.00	23.00290
164.00	22.05726
165.00	21.63309
166.00	21.65064
167.00	21.50583
168.00	21.37858
169.00	20.40297
170.00	19.48853
171.00	19.46978
172.00	18.37905
173.00	17.99119
174.00	18.06999
175.00	18.06999
176.00	17.99126
177.00	18.07608
178.00	18.11852
179.00	18.23357
180.00	18.33051
181.00	18.48186
182.00	18.82752
183.00	19.33652
184.00	20.05747
185.00	20.64514
186.00	21.16022
187.00	21.83265
188.00	22.30553
189.00	22.61493
190.00	22.81461
191.00	22.78456
192.00	22.73595
193.00	22.69353
194.00	22.68738
195.00	22.54787
196.00	22.23303
197.00	20.88781
198.00	19.33631
199.00	18.07601
200.00	17.82748
201.00	18.06999
202.00	18.71895
203.00	19.52440
204.00	20.01522
205.00	20.02121
206.00	20.11198
207.00	20.10604
208.00	20.31224
209.00	20.39707
210.00	20.39706
211.00	20.36648
212.00	20.40297
213.00	19.32370
214.00	18.99135
215.00	19.19778
216.00	19.16701
217.00	19.13043
218.00	19.34252
219.00	19.30011
220.00	18.57771
221.00	18.14900
222.00	18.16058
223.00	18.15483
224.00	18.19724
225.00	18.11816
226.00	18.06999
227.00	18.07577
228.00	18.00831
229.00	17.78462
230.00	16.49241
231.00	15.37242
232.00	12.80751
233.00	9.34648
234.00	5.17287
235.00	2.44078
236.00	0.00000
237.00	0.00000
238.00	0.00000
239.00	0.00000
240.00	0.00000
241.00	0.00000
242.00	0.00000
243.00	0.00000
244.00	0.00000
245.00	0.00000
246.00	0.00000
247.00	0.00000
248.00	2.99756
249.00	6.49326
250.00	8.72129
251.00	10.03613
252.00	10.64124
253.00	11.19830
254.00	11.53203
255.00	11.74973
256.00	12.08342
257.00	12.05791
258.00	10.08121
259.00	7.54743
260.00	5.20286
261.00	3.54314
262.00	2.34974
263.00	1.86638
264.00	2.55410
265.00	4.90397
266.00	6.55289
267.00	7.91559
268.00	8.77496
269.00	9.50159
270.00	9.85198
271.00	9.80403
272.00	8.72310
273.00	6.57047
274.00	3.94036
275.00	0.00000
276.00	0.00000
277.00	0.00000
278.00	0.00000
279.00	0.00000
280.00	0.00000
281.00	0.00000
282.00	0.00000
283.00	0.00000
284.00	0.00000
285.00	0.00000
286.00	0.00000
287.00	0.00000
288.00	0.00000
289.00	0.00000
290.00	0.00000
291.00	0.00000
292.00	0.00000
293.00	0.00000
294.00	0.00000
295.00	0.00000
296.00	0.00000
297.00	0.00000
298.00	0.00000
299.00	0.00000
300.00	0.00000
301.00	0.00000
302.00	0.00000
303.00	0.00000
304.00	2.40854
305.00	5.60717
306.00	6.78114
307.00	6.93113
308.00	6.04593
309.00	4.68295
310.00	3.66475
311.00	2.26487
312.00	0.00000
313.00	0.00000
314.00	0.00000
315.00	0.00000
316.00	0.00000
317.00	0.00000
318.00	0.00000
319.00	0.00000
320.00	0.00000
321.00	0.00000
322.00	0.00000
323.00	2.30202
324.00	4.88967
325.00	6.85593
326.00	7.84212
327.00	8.35111
328.00	8.36152
329.00	8.35631
330.00	7.81535
331.00	6.57476
332.00	6.48481
333.00	6.94633
334.00	7.50279
335.00	8.04906
336.00	8.64809
337.00	9.23673
338.00	9.75099
339.00	9.92066
340.00	10.17018
341.00	10.18028
342.00	10.22269
343.00	9.90851
344.00	8.63191
345.00	6.22379
346.00	3.38683
347.00	0.00000
348.00	0.00000
349.00	1.72288
350.00	4.66855
351.00	7.06360
352.00	8.42607
353.00	9.44398
354.00	9.84093
355.00	9.84093
356.00	9.67620
357.00	9.63378
358.00	9.79852
359.00	10.38251
360.00	11.18833
361.00	11.74973
362.00	12.32873
363.00	12.67761
364.00	13.01157
365.00	13.52638
366.00	13.92299
367.00	14.29480
368.00	15.18059
369.00	15.73701
370.00	16.46343
371.00	17.25316
372.00	18.10154
373.00	18.32450
374.00	18.11825
375.00	17.23229
376.00	16.41569
377.00	15.60531
378.00	12.97167
379.00	9.26363
380.00	4.92723
381.00	1.89240
382.00	0.00000
383.00	0.00000
384.00	0.00000
385.00	0.00000
386.00	0.00000
387.00	2.77742
388.00	4.01868
389.00	4.95192
390.00	6.43118
391.00	7.75178
392.00	8.68502
393.00	9.69779
394.00	10.42953
395.00	10.98093
396.00	11.57486
397.00	12.62482
398.00	13.19715
399.00	13.69574
400.00	14.29480
401.00	14.30000
402.00	13.92851
403.00	12.10968
404.00	11.46844
405.00	11.66490
406.00	12.33332
407.00	12.68293
408.00	13.18172
409.00	13.73350
410.00	14.16755
411.00	14.59173
412.00	14.71898
413.00	15.01084
414.00	15.06348
415.00	15.30777
416.00	15.23301
417.00	15.14815
418.00	15.01591
419.00	15.04333
420.00	14.76140
421.00	15.01591
422.00	15.51517
423.00	16.32113
424.00	17.16955
425.00	17.97068
426.00	18.61182
427.00	19.29532
428.00	19.87962
429.00	20.36055
430.00	20.57264
431.00	20.57744
432.00	20.49259
433.00	20.28526
434.00	18.81478
435.00	17.53274
436.00	16.21303
437.00	14.90274
438.00	13.50321
439.00	12.18796
440.00	10.08080
441.00	6.46067
442.00	2.74244
443.00	0.00000
444.00	0.00000
445.00	0.00000
446.00	0.00000
447.00	0.00000
448.00	0.00000
449.00	0.00000
450.00	0.00000
451.00	0.00000
452.00	0.00000
453.00	0.00000
454.00	0.00000
455.00	0.00000
456.00	0.00000
457.00	0.00000
458.00	0.00000
459.00	0.00000
460.00	0.00000
461.00	0.00000
462.00	0.00000
463.00	0.00000
464.00	0.00000
465.00	0.00000
466.00	0.00000
467.00	0.00000
468.00	0.00000
469.00	0.00000
470.00	0.00000
471.00	0.00000
472.00	0.00000
473.00	0.00000
474.00	0.00000
475.00	0.00000
476.00	0.00000
477.00	0.00000
478.00	0.00000
479.00	0.00000
480.00	0.00000
481.00	0.00000
482.00	0.00000
483.00	0.00000
484.00	0.00000
485.00	0.00000
486.00	0.00000
487.00	0.00000
488.00	0.00000
489.00	0.00000
490.00	0.00000
491.00	0.00000
492.00	0.00000
493.00	0.00000
494.00	0.00000
495.00	0.00000
496.00	0.00000
497.00	0.00000
498.00	0.00000
499.00	0.00000
500.00	0.00000
501.00	0.00000
502.00	0.00000
503.00	0.00000
504.00	0.00000
505.00	0.00000
506.00	0.00000
507.00	0.00000
508.00	0.00000
509.00	0.00000
510.00	0.00000
511.00	0.00000
512.00	0.00000
513.00	0.00000
514.00	3.57890
515.00	4.99209
516.00	6.38749
517.00	8.25840
518.00	9.02633
519.00	9.62025
520.00	10.17169
521.00	10.68503
522.00	11.31712
523.00	11.94916
524.00	12.67457
525.00	13.31087
526.00	14.12101
527.00	14.96940
528.00	15.81778
529.00	16.53889
530.00	17.76087
531.00	18.91033
532.00	19.88602
533.00	20.72632
534.00	21.12407
535.00	21.38248
536.00	21.62910
537.00	21.67157
538.00	21.76425
539.00	21.80276
540.00	21.88759
541.00	22.09968
542.00	22.18452
543.00	22.38505
544.00	22.39272
545.00	22.43126
546.00	22.45062
547.00	22.72397
548.00	22.82473
549.00	22.82834
550.00	23.03287
551.00	23.07529
552.00	23.29125
553.00	23.45303
554.00	23.21456
555.00	23.36423
556.00	23.37624
557.00	23.49947
558.00	23.91973
559.00	24.21663
560.00	24.87973
561.00	25.27712
562.00	25.65891
563.00	26.03688
564.00	26.33377
565.00	26.75808
566.00	26.89665
567.00	27.14366
568.00	27.35577
569.00	27.43332
570.00	27.36696
571.00	26.83056
572.00	24.02334
573.00	20.36643
574.00	16.52961
575.00	14.13598
576.00	13.42205
577.00	14.78541
578.00	17.37674
579.00	19.02360
580.00	20.67750
581.00	22.08501
582.00	23.48849
583.00	24.42163
584.00	25.16728
585.00	25.64823
586.00	25.91729
587.00	26.08327
588.00	26.04454
589.00	25.83245
590.00	25.66278
591.00	25.40827
592.00	25.36226
593.00	25.57448
594.00	26.11891
595.00	26.17542
596.00	26.33444
597.00	26.76197
598.00	27.27115
599.00	27.52567
600.00	27.94645
601.00	28.08400
602.00	28.12301
603.00	28.20785
604.00	28.45542
605.00	28.75928
606.00	28.87954
607.00	28.92895
608.00	29.01379
609.00	29.14445
610.00	29.39555
611.00	29.73152
612.00	30.03181
613.00	30.04208
614.00	29.94357
615.00	28.80858
616.00	28.93228
617.00	29.39222
618.00	29.70579
619.00	30.32541
620.00	30.92259
621.00	31.39928
622.00	31.93726
623.00	32.10693
624.00	32.39714
625.00	32.66500
626.00	32.78570
627.00	32.82480
628.00	32.91950
629.00	32.90277
630.00	32.53778
631.00	32.39730
632.00	32.10693
633.00	31.99926
634.00	31.81336
635.00	31.64046
636.00	31.62754
637.00	31.55560
638.00	31.38578
639.00	31.38267
640.00	31.13792
641.00	31.01073
642.00	30.84093
643.00	30.80477
644.00	30.58993
645.00	30.54083
646.00	30.50176
647.00	30.54083
648.00	30.58324
649.00	30.44939
650.00	30.54083
651.00	30.58324
652.00	30.58001
653.00	30.28632
654.00	29.78757
655.00	27.54598
656.00	26.08696
657.00	24.90264
658.00	22.46530
659.00	19.44646
660.00	16.89865
661.00	16.03722
662.00	15.22800
663.00	15.77280
664.00	17.03213
665.00	18.95757
666.00	20.60193
667.00	21.92678
668.00	22.82078
669.00	23.62043
670.00	24.08707
671.00	24.55678
672.00	24.97799
673.00	25.44757
674.00	25.95348
675.00	26.08388
676.00	26.00520
677.00	25.75069
678.00	25.54476
679.00	25.45373
680.00	25.16297
681.00	25.24161
682.00	25.36278
683.00	25.70520
684.00	26.17479
685.00	26.63539
686.00	27.09292
687.00	27.35647
688.00	27.52305
689.00	27.74425
690.00	28.03220
691.00	28.08363
692.00	28.20785
693.00	28.25027
694.00	28.37154
695.00	28.54134
696.00	28.54719
697.00	28.62597
698.00	28.54719
699.00	28.29561
700.00	26.91577
701.00	23.72903
702.00	22.47865
703.00	22.68497
704.00	24.50299
705.00	26.62415
706.00	28.53001
707.00	29.69247
708.00	30.19572
709.00	30.28632
710.00	30.33442
711.00	30.32593
712.00	30.28352
713.00	30.41048
714.00	30.25009
715.00	30.03181
716.00	29.86522
717.00	29.77089
718.00	29.65005
719.00	29.23175
720.00	28.97446
721.00	28.71998
722.00	28.46548
723.00	28.13559
724.00	28.04137
725.00	27.74449
726.00	27.57783
727.00	27.90450
728.00	27.91092
729.00	28.11970
730.00	28.41994
731.00	28.80170
732.00	29.18346
733.00	29.64123
734.00	29.86214
735.00	29.95003
736.00	29.57130
737.00	29.35024
738.00	29.39265
739.00	29.81343
740.00	30.32284
741.00	30.53775
742.00	30.92259
743.00	31.71966
744.00	32.52852
745.00	33.38282
746.00	34.53385
747.00	35.00100
748.00	35.33072
749.00	36.04884
750.00	34.50841
751.00	33.06600
752.00	31.44251
753.00	31.21098
754.00	31.30167
755.00	30.92803
756.00	30.21435
757.00	28.26583
758.00	25.59321
759.00	22.87565
760.00	20.49285
761.00	18.42180
762.00	16.97460
763.00	15.49787
764.00	12.82791
765.00	9.22723
766.00	5.48945
767.00	3.27831
768.00	0.00000
769.00	0.00000
770.00	0.00000
771.00	0.00000
772.00	0.00000
773.00	2.39290
774.00	6.92084
775.00	11.30883
776.00	6.94850
777.00	2.78129
778.00	2.37274
779.00	2.00454
780.00	0.00000
781.00	0.00000
782.00	0.00000
783.00	0.00000
784.00	0.00000
785.00	5.18549
786.00	11.83205
787.00	17.66547
788.00	21.14217
789.00	23.57218
790.00	25.31215
791.00	26.79569
792.00	27.77590
793.00	28.50173
794.00	28.97137
795.00	29.05315
796.00	29.30561
797.00	29.31624
798.00	29.39555
799.00	29.13828
800.00	27.93036
801.00	26.39414
802.00	24.02410
803.00	21.01520
804.00	17.37499
805.00	13.59991
806.00	9.77823
807.00	6.59656
808.00	4.29498
809.00	2.80709
810.00	0.00000
811.00	0.00000
812.00	0.00000
813.00	1.79073
814.00	6.16394
815.00	10.62065
816.00	14.35784
817.00	16.87721
818.00	18.86097
819.00	20.47758
820.00	21.38112
821.00	22.38853
822.00	23.49440
823.00	24.80454
824.00	26.33412
825.00	27.98537
826.00	29.26590
827.00	30.48816
828.00	31.30010
829.00	31.93823
830.00	32.24002
831.00	32.44742
832.00	32.15512
833.00	32.25776
834.00	32.36000
835.00	32.36006
836.00	32.31541
837.00	32.23989
838.00	32.07253
839.00	31.78231
840.00	31.52330
841.00	30.50476
842.00	29.27293
843.00	29.10284
844.00	29.18346
845.00	29.30842
846.00	29.44245
847.00	29.56971
848.00	29.73713
849.00	29.77731
850.00	29.41387
851.00	29.02257
852.00	28.37970
853.00	28.12518
854.00	27.91307
855.00	27.70107
856.00	27.44657
857.00	27.06257
858.00	26.93313
859.00	26.93326
860.00	27.14365
861.00	27.56589
862.00	27.33384
863.00	21.07217
864.00	14.53607
865.00	10.11366
866.00	9.12181
867.00	8.72582
868.00	10.97217
869.00	14.69878
870.00	18.05589
871.00	20.56268
872.00	22.13395
873.00	23.28339
874.00	24.38432
875.00	25.44654
876.00	26.42039
877.00	27.31320
878.00	28.24661
879.00	29.13556
880.00	29.73310
881.00	30.02820
882.00	29.90266
883.00	29.90456
884.00	29.98751
885.00	29.86214
886.00	29.56522
887.00	29.52453
888.00	29.43625
889.00	29.14104
890.00	28.84060
891.00	28.71856
892.00	28.59130
893.00	28.45674
894.00	28.46235
895.00	28.46068
896.00	28.58785
897.00	28.54032
898.00	28.41823
899.00	28.37931
900.00	28.33171
901.00	28.29268
902.00	28.24857
903.00	28.29430
904.00	28.20785
905.00	28.12637
906.00	27.91588
907.00	27.82771
908.00	27.74464
909.00	27.57158
910.00	27.48519
911.00	27.10982
912.00	27.02171
913.00	26.93380
914.00	26.84875
915.00	26.85250
916.00	26.93366
917.00	26.43030
918.00	25.11925
919.00	24.01333
920.00	22.86946
921.00	21.72010
922.00	20.36688
923.00	19.26604
924.00	18.07393
925.00	17.64192
926.00	18.61382
927.00	19.34065
928.00	19.72613
929.00	19.72428
930.00	18.66923
931.00	17.43731
932.00	16.25119
933.00	15.10556
934.00	15.01075
935.00	15.18396
936.00	14.89190
937.00	13.74812
938.00	12.68293
939.00	13.10255
940.00	14.45554
941.00	15.51613
942.00	15.27261
943.00	14.09126
944.00	14.71471
945.00	15.56306
946.00	16.57922
947.00	18.02254
948.00	18.91632
949.00	19.46566
950.00	19.80706
951.00	20.39866
952.00	21.03323
953.00	21.75446
954.00	22.35032
955.00	23.24137
956.00	24.42729
957.00	25.61481
958.00	26.04454
959.00	26.13106
960.00	26.25330
961.00	25.79972
962.00	25.15697
963.00	23.54966
964.00	22.06347
965.00	20.31970
966.00	19.97879
967.00	20.65748
968.00	21.03924
969.00	21.46037
970.00	21.67700
971.00	21.97243
972.00	22.68908
973.00	23.20105
974.00	24.04938
975.00	25.44472
976.00	26.68081
977.00	27.99156
978.00	28.84275
979.00	29.01665
980.00	29.31213
981.00	29.10010
982.00	28.80723
983.00	26.98913
984.00	24.22337
985.00	22.48847
986.00	19.26585
987.00	14.48139
988.00	9.22153
989.00	5.35358
990.00	2.55262
991.00	0.00000
992.00	0.00000
993.00	0.00000
994.00	3.12734
995.00	7.49686
996.00	11.52776
997.00	15.34546
998.00	17.93724
999.00	19.46630
1000.00	19.89160
1001.00	20.27572
1002.00	20.27460
1003.00	20.02219
1004.00	18.58384
1005.00	16.21087
1006.00	13.45357
1007.00	10.31485
1008.00	6.79431
1009.00	3.10399
1010.00	0.00000
1011.00	0.00000
1012.00	0.00000
1013.00	0.00000
1014.00	0.00000
1015.00	0.00000
1016.00	0.00000
1017.00	0.00000
1018.00	0.00000
1019.00	0.00000
1020.00	0.00000
1021.00	0.00000
1022.00	0.00000
1023.00	0.00000
1024.00	0.00000
1025.00	0.00000
1026.00	0.00000
1027.00	0.00000
1028.00	0.00000
1029.00	0.00000
1030.00	0.00000
1031.00	0.00000
1032.00	3.98151
1033.00	7.24627
1034.00	10.17534
1035.00	12.29876
1036.00	13.14952
1037.00	13.27531
1038.00	12.47307
1039.00	11.45501
1040.00	10.26743
1041.00	8.99547
1042.00	8.94940
1043.00	8.40173
1044.00	7.34043
1045.00	6.70270
1046.00	8.43702
1047.00	10.60031
1048.00	12.04522
1049.00	14.03632
1050.00	16.53717
1051.00	18.70415
1052.00	19.85078
1053.00	20.14846
1054.00	19.64220
1055.00	18.83424
1056.00	18.40998
1057.00	15.82901
1058.00	14.84474
1059.00	15.64942
1060.00	17.17786
1061.00	18.91520
1062.00	20.19026
1063.00	20.74168
1064.00	20.53022
1065.00	20.53089
1066.00	20.35986
1067.00	20.19088
1068.00	20.14909
1069.00	20.19024
1070.00	20.27572
1071.00	20.27572
1072.00	20.23500
1073.00	20.31560
1074.00	20.27572
1075.00	20.52964
1076.00	20.61506
1077.00	20.61441
1078.00	20.57213
1079.00	20.48679
1080.00	20.57150
1081.00	21.84359
1082.00	23.32816
1083.00	24.81331
1084.00	26.21316
1085.00	27.23170
1086.00	27.36045
1087.00	27.27381
1088.00	26.89414
1089.00	24.09802
1090.00	20.27893
1091.00	17.01373
1092.00	14.38191
1093.00	13.36294
1094.00	12.81095
1095.00	13.02155
1096.00	13.02190
1097.00	12.38713
1098.00	11.70840
1099.00	9.97181
1100.00	6.15570
1101.00	2.75974
1102.00	0.00000
1103.00	0.00000
1104.00	0.00000
1105.00	0.00000
1106.00	0.00000
1107.00	0.00000
1108.00	0.00000
1109.00	0.00000
1110.00	0.00000
1111.00	0.00000
1112.00	0.00000
1113.00	0.00000
1114.00	0.00000
1115.00	0.00000
1116.00	0.00000
1117.00	0.00000
1118.00	0.00000
1119.00	0.00000
1120.00	0.00000
1121.00	0.00000
1122.00	0.00000
1123.00	0.00000
1124.00	0.00000
1125.00	0.00000
1126.00	0.00000
1127.00	0.00000
1128.00	0.00000
1129.00	3.09404
1130.00	5.17238
1131.00	7.16553
1132.00	9.53780
1133.00	11.78725
1134.00	13.02049
1135.00	13.06469
1136.00	13.61490
1137.00	14.33645
1138.00	14.97271
1139.00	15.22800
1140.00	14.42599
1141.00	10.52746
1142.00	6.36964
1143.00	3.48385
1144.00	0.00000
1145.00	0.00000
1146.00	0.00000
1147.00	0.00000
1148.00	0.00000
1149.00	0.00000
1150.00	0.00000
1151.00	0.00000
1152.00	0.00000
1153.00	0.00000
1154.00	0.00000
1155.00	0.00000
1156.00	0.00000
1157.00	0.00000
1158.00	0.00000
1159.00	0.00000
1160.00	0.00000
1161.00	0.00000
1162.00	0.00000
1163.00	0.00000
1164.00	0.00000
1165.00	0.00000
1166.00	0.00000
1167.00	0.00000
1168.00	0.00000
1169.00	0.00000
1170.00	0.00000
1171.00	0.00000
1172.00	0.00000
1173.00	0.00000
1174.00	0.00000
1175.00	0.00000
1176.00	0.00000
1177.00	0.00000
1178.00	0.00000
1179.00	0.00000
1180.00	0.00000
1181.00	0.00000
1182.00	0.00000
1183.00	0.00000
1184.00	0.00000
1185.00	0.00000
1186.00	0.00000
1187.00	0.00000
1188.00	0.00000
1189.00	0.00000
1190.00	0.00000
1191.00	0.00000
1192.00	0.00000
1193.00	0.00000
1194.00	0.00000
1195.00	0.00000
1196.00	0.00000
1197.00	0.00000
1198.00	0.00000
1199.00	0.00000
1200.00	0.00000
1201.00	0.00000
1202.00	0.00000
1203.00	0.00000
1204.00	0.00000
1205.00	0.00000
1206.00	0.00000
1207.00	0.00000
1208.00	0.00000
1209.00	0.00000
1210.00	0.00000
1211.00	0.00000
1212.00	0.00000
1213.00	0.00000
1214.00	0.00000
1215.00	3.26894
1216.00	7.76625
1217.00	12.17682
1218.00	13.91304
1219.00	14.59306
1220.00	15.52531
1221.00	16.20444
1222.00	17.64624
1223.00	18.11343
1224.00	18.36731
1225.00	18.45175
1226.00	18.45175
1227.00	19.04595
1228.00	19.30309
1229.00	20.31940
1230.00	20.82627
1231.00	20.69989
1232.00	20.74231
1233.00	21.12482
1234.00	21.97307
1235.00	22.77877
1236.00	23.41580
1237.00	24.13661
1238.00	24.51750
1239.00	24.77303
1240.00	25.32344
1241.00	25.53505
1242.00	23.87850
1243.00	21.03626
1244.00	18.15187
1245.00	15.13879
1246.00	11.66102
1247.00	7.71577
1248.00	4.06891
1249.00	0.00000
1250.00	0.00000
1251.00	0.00000
1252.00	0.00000
1253.00	0.00000
1254.00	0.00000
1255.00	0.00000
1256.00	0.00000
1257.00	0.00000
1258.00	0.00000
1259.00	0.00000
1260.00	0.00000
1261.00	0.00000
1262.00	0.00000
1263.00	0.00000
1264.00	0.00000
1265.00	0.00000
1266.00	0.00000
1267.00	0.00000
1268.00	0.00000
1269.00	0.00000
1270.00	0.00000
1271.00	0.00000
1272.00	0.00000
1273.00	0.00000
1274.00	0.00000
1275.00	0.00000
1276.00	0.00000
1277.00	0.00000
1278.00	0.00000
1279.00	0.00000
1280.00	0.00000
1281.00	3.27442
1282.00	6.23729
1283.00	7.25385
1284.00	7.50747
1285.00	5.97837
1286.00	4.79121
1287.00	3.43402
1288.00	2.67173
1289.00	0.00000
1290.00	0.00000
1291.00	0.00000
1292.00	0.00000
1293.00	0.00000
1294.00	0.00000
1295.00	0.00000
1296.00	0.00000
1297.00	0.00000
1298.00	0.00000
1299.00	0.00000
1300.00	2.04229
1301.00	5.13841
1302.00	8.19328
1303.00	11.80012
1304.00	17.14551
1305.00	20.57726
1306.00	21.63397
1307.00	21.84438
1308.00	21.67463
1309.00	21.54740
1310.00	20.73820
1311.00	19.25508
1312.00	17.89768
1313.00	16.49769
1314.00	15.22419
1315.00	12.42319
1316.00	9.11230
1317.00	4.95557
1318.00	0.00000
1319.00	0.00000
1320.00	0.00000
1321.00	0.00000
1322.00	0.00000
1323.00	0.00000
1324.00	0.00000
1325.00	0.00000
1326.00	0.00000
1327.00	0.00000
1328.00	0.00000
1329.00	0.00000
1330.00	0.00000
1331.00	0.00000
1332.00	0.00000
1333.00	0.00000
1334.00	0.00000
1335.00	0.00000
1336.00	0.00000
1337.00	0.00000
1338.00	0.00000
1339.00	0.00000
1340.00	0.00000
1341.00	0.00000
1342.00	0.00000
1343.00	0.00000
1344.00	0.00000
1345.00	0.00000
1346.00	0.00000
1347.00	0.00000
1348.00	0.00000
1349.00	0.00000
1350.00	0.00000
1351.00	0.00000
1352.00	0.00000
1353.00	0.00000
1354.00	0.00000
1355.00	0.00000
1356.00	0.00000
1357.00	0.00000
1358.00	0.00000
1359.00	0.00000
1360.00	0.00000
1361.00	0.00000
1362.00	0.00000
1363.00	0.00000
1364.00	0.00000
1365.00	0.00000
1366.00	0.00000
1367.00	0.00000
1368.00	2.97493
1369.00	7.17441
1370.00	11.07643
1371.00	14.64025
1372.00	16.97076
1373.00	18.71148
1374.00	21.50963
1375.00	24.60870
1376.00	27.66138
1377.00	29.56607
1378.00	29.47865
1379.00	28.67088
1380.00	25.61389
1381.00	22.13413
1382.00	18.44312
1383.00	15.09380
1384.00	11.91016
1385.00	8.47625
1386.00	5.29584
1387.00	4.15585
1388.00	3.26162
1389.00	2.45674
1390.00	0.00000
1391.00	0.00000
1392.00	0.00000
1393.00	0.00000
1394.00	0.00000
1395.00	0.00000
1396.00	0.00000
1397.00	0.00000
1398.00	0.00000
1399.00	0.00000
1400.00	0.00000
1401.00	1.87709
1402.00	5.09716
1403.00	6.88018
1404.00	9.03895
1405.00	10.18756
1406.00	12.69486
1407.00	16.17393
1408.00	18.45325
1409.00	19.72870
1410.00	20.91345
1411.00	22.95534
1412.00	24.90951
1413.00	26.89137
1414.00	27.70153
1415.00	28.12148
1416.00	28.50477
1417.00	28.96138
1418.00	29.22319
1419.00	29.31214
1420.00	29.48038
1421.00	29.69109
1422.00	30.03331
1423.00	30.37420
1424.00	30.79680
1425.00	30.88017
1426.00	31.26352
1427.00	31.34532
1428.00	31.38918
1429.00	31.38778
1430.00	31.43304
1431.00	31.55739
1432.00	31.55885
1433.00	31.46954
1434.00	30.74671
1435.00	29.26370
1436.00	27.77274
1437.00	23.69426
1438.00	18.34481
1439.00	12.74207
1440.00	6.80515
1441.00	2.45030
1442.00	0.00000
1443.00	0.00000
1444.00	0.00000
1445.00	0.00000
1446.00	0.00000
1447.00	0.00000
1448.00	0.00000
1449.00	0.00000
1450.00	0.00000
1451.00	0.00000
1452.00	0.00000
1453.00	0.00000
1454.00	0.00000
1455.00	0.00000
1456.00	0.00000
1457.00	0.00000
1458.00	0.00000
1459.00	0.00000
1460.00	0.00000
1461.00	0.00000
1462.00	0.00000
1463.00	0.00000
1464.00	0.00000
1465.00	0.00000
1466.00	0.00000
1467.00	0.00000
1468.00	0.00000
1469.00	0.00000
1470.00	0.00000
1471.00	0.00000
1472.00	0.00000
1473.00	0.00000
1474.00	0.00000
1475.00	0.00000
1476.00	0.00000
1477.00	0.00000
1478.00	0.00000
1479.00	0.00000
1480.00	0.00000
1481.00	0.00000
1482.00	0.00000
1483.00	0.00000
1484.00	0.00000
1485.00	0.00000
1486.00	0.00000
1487.00	0.00000
1488.00	0.00000
1489.00	0.00000
1490.00	0.00000
1491.00	0.00000
1492.00	0.00000
1493.00	0.00000
1494.00	0.00000
1495.00	0.00000
1496.00	0.00000
1497.00	4.68242
1498.00	8.24617
1499.00	11.59377
1500.00	14.39129
1501.00	17.02251
1502.00	20.37765
1503.00	23.00030
1504.00	24.22245
1505.00	24.98981
1506.00	25.45266
1507.00	25.36380
1508.00	23.48761
1509.00	20.98715
1510.00	18.69745
1511.00	16.48914
1512.00	14.19946
1513.00	12.21116
1514.00	11.27905
1515.00	11.40836
1516.00	11.80328
1517.00	14.09739
1518.00	17.74559
1519.00	21.05200
1520.00	23.80543
1521.00	26.43930
1522.00	29.54003
1523.00	32.06979
1524.00	33.51449
1525.00	34.82309
1526.00	35.92602
1527.00	35.79140
1528.00	34.27738
1529.00	32.53446
1530.00	31.30030
1531.00	29.63990
1532.00	25.55482
1533.00	20.11785
1534.00	14.34587
1535.00	7.30528
1536.00	0.00000
1537.00	0.00000
1538.00	0.00000
1539.00	0.00000
1540.00	0.00000
1541.00	0.00000
1542.00	0.00000
1543.00	0.00000
1544.00	0.00000
1545.00	0.00000
1546.00	0.00000
1547.00	0.00000
1548.00	0.00000
1549.00	0.00000
1550.00	0.00000
1551.00	0.00000
1552.00	0.00000
1553.00	0.00000
1554.00	0.00000
1555.00	0.00000
1556.00	0.00000
1557.00	0.00000
1558.00	0.00000
1559.00	0.00000
1560.00	0.00000
1561.00	0.00000
1562.00	0.00000
1563.00	0.00000
1564.00	0.00000
1565.00	0.00000
1566.00	0.00000
1567.00	0.00000
1568.00	0.00000
1569.00	0.00000
1570.00	0.00000
1571.00	0.00000
1572.00	0.00000
1573.00	0.00000
1574.00	2.13985
1575.00	7.11064
1576.00	12.36263
1577.00	15.32115
1578.00	16.97127
1579.00	18.41348
1580.00	19.94056
1581.00	21.72647
1582.00	22.78270
1583.00	23.37661
1584.00	23.54412
1585.00	23.70708
1586.00	23.79404
1587.00	23.92365
1588.00	24.09332
1589.00	24.81934
1590.00	25.69226
1591.00	26.20170
1592.00	26.29905
1593.00	25.78239
1594.00	24.33247
1595.00	24.00848
1596.00	24.52005
1597.00	25.15902
1598.00	25.54625
1599.00	25.88294
1600.00	26.21959
1601.00	26.21421
1602.00	26.21421
1603.00	26.25395
1604.00	26.04454
1605.00	25.70786
1606.00	24.93613
1607.00	23.40909
1608.00	22.54962
1609.00	21.54269
1610.00	21.16378
1611.00	19.45329
1612.00	16.17885
1613.00	12.48905
1614.00	10.69205
1615.00	11.08510
1616.00	13.35033
1617.00	16.51983
1618.00	18.11807
1619.00	18.15483
1620.00	17.13125
1621.00	15.89262
1622.00	14.49848
1623.00	11.85683
1624.00	8.24553
1625.00	4.55866
1626.00	0.00000
1627.00	0.00000
1628.00	0.00000
1629.00	0.00000
1630.00	0.00000
1631.00	0.00000
1632.00	0.00000
1633.00	0.00000
1634.00	0.00000
1635.00	0.00000
1636.00	0.00000
1637.00	0.00000
1638.00	0.00000
1639.00	0.00000
1640.00	0.00000
1641.00	0.00000
1642.00	0.00000
1643.00	0.00000
1644.00	0.00000
1645.00	0.00000
1646.00	0.00000
1647.00	0.00000
1648.00	0.00000
1649.00	0.00000
1650.00	0.00000
1651.00	0.00000
1652.00	0.00000
1653.00	0.00000
1654.00	0.00000
1655.00	0.00000
1656.00	0.00000
1657.00	0.00000
1658.00	0.00000
1659.00	0.00000
1660.00	4.91261
1661.00	10.04256
1662.00	14.10326
1663.00	16.17890
1664.00	17.99711
1665.00	18.97284
1666.00	19.81215
1667.00	20.61506
1668.00	20.31813
1669.00	20.02736
1670.00	19.63945
1671.00	19.93331
1672.00	19.58156
1673.00	16.94206
1674.00	13.03002
1675.00	8.37029
1676.00	4.31121
1677.00	0.00000
1678.00	0.00000
1679.00	0.00000
1680.00	0.00000
1681.00	0.00000
1682.00	0.00000
1683.00	0.00000
1684.00	0.00000
1685.00	4.48286
1686.00	7.86627
1687.00	9.21425
1688.00	9.54080
1689.00	9.88649
1690.00	10.17698
1691.00	9.97150
1692.00	10.61761
1693.00	12.31434
1694.00	13.58015
1695.00	14.38286
1696.00	15.31931
1697.00	17.24698
1698.00	20.16504
1699.00	21.98566
1700.00	22.77510
1701.00	22.94804
1702.00	22.91223
1703.00	23.16013
1704.00	23.80297
1705.00	24.47839
1706.00	24.98739
1707.00	25.70520
1708.00	25.87816
1709.00	25.83245
1710.00	26.22079
1711.00	26.51439
1712.00	26.51113
1713.00	26.16200
1714.00	25.71173
1715.00	25.32013
1716.00	24.65163
1717.00	23.85259
1718.00	24.06445
1719.00	21.24268
1720.00	17.50146
1721.00	16.40887
1722.00	15.78279
1723.00	16.07635
1724.00	16.28844
1725.00	16.50053
1726.00	16.66671
1727.00	16.67020
1728.00	16.36650
1729.00	15.10422
1730.00	15.74047
1731.00	16.51079
1732.00	16.81520
1733.00	17.64226
1734.00	17.08022
1735.00	13.48861
1736.00	8.45192
1737.00	4.72614
1738.00	3.60551
1739.00	3.83501
1740.00	4.25253
1741.00	4.88506
1742.00	4.65902
1743.00	3.91296
1744.00	4.51378
1745.00	7.23959
1746.00	8.69565
1747.00	8.39521
1748.00	8.03492
1749.00	10.03611
1750.00	12.96263
1751.00	16.00977
1752.00	18.20820
1753.00	19.82301
1754.00	20.83440
1755.00	20.77748
1756.00	20.43490
1757.00	19.92156
1758.00	19.34252
1759.00	18.97190
1760.00	17.47614
1761.00	17.37029
1762.00	18.10168
1763.00	18.18657
1764.00	17.98515
1765.00	16.96304
1766.00	11.14345
1767.00	6.47894
1768.00	6.58918
1769.00	9.36484
1770.00	13.04384
1771.00	14.72972
1772.00	15.44371
1773.00	15.26679
1774.00	14.41097
1775.00	11.77003
1776.00	8.62761
1777.00	5.78164
1778.00	4.23845
1779.00	3.98060
1780.00	5.10406
1781.00	7.30988
1782.00	9.36008
1783.00	12.11037
1784.00	14.99487
1785.00	16.50755
1786.00	16.62778
1787.00	14.86362
1788.00	11.07464
1789.00	6.78976
1790.00	2.60490
1791.00	0.00000
1792.00	0.00000
1793.00	0.00000
1794.00	0.00000
1795.00	0.00000
1796.00	0.00000
1797.00	0.00000
1798.00	0.00000
1799.00	2.51627
1800.00	4.38610
1801.00	6.64136
1802.00	9.39519
1803.00	12.49536
1804.00	15.59208
1805.00	17.78724
1806.00	19.78095
1807.00	21.94039
1808.00	23.33340
1809.00	23.41100
1810.00	22.13858
1811.00	19.69127
1812.00	16.27009
1813.00	15.02328
1814.00	15.35525
1815.00	15.44008
1816.00	15.35150
1817.00	14.35713
1818.00	13.04955
1819.00	10.91340
1820.00	9.54018
1821.00	8.58768
1822.00	7.68893
1823.00	8.36413
1824.00	9.30919
1825.00	10.62363
1826.00	13.08757
1827.00	15.67421
1828.00	16.79006
1829.00	15.86055
1830.00	14.58054
1831.00	14.72915
1832.00	17.68391
1833.00	21.18457
1834.00	23.25884
1835.00	24.35170
1836.00	24.85684
1837.00	25.16075
1838.00	25.36956
1839.00	25.96648
1840.00	26.01715
1841.00	25.93254
1842.00	25.13830
1843.00	23.86955
1844.00	22.30403
1845.00	20.77403
1846.00	18.80146
1847.00	14.80087
1848.00	9.75191
1849.00	5.02034
1850.00	0.00000
1851.00	0.00000
1852.00	0.00000
1853.00	0.00000
1854.00	0.00000
1855.00	0.00000
1856.00	0.00000
1857.00	0.00000
1858.00	0.00000
1859.00	0.00000
1860.00	0.00000
1861.00	0.00000
1862.00	0.00000
1863.00	0.00000
1864.00	0.00000
1865.00	0.00000
1866.00	0.00000
1867.00	0.00000
1868.00	0.00000
1869.00	0.00000
1870.00	0.00000
1871.00	0.00000
1872.00	0.00000
1873.00	0.00000
1874.00	0.00000
1875.00	2.52630
1876.00	5.07178
1877.00	7.92127
1878.00	11.01661
1879.00	13.67837
1880.00	15.53287
1881.00	17.02448
1882.00	18.20788
1883.00	19.01127
1884.00	19.81293
1885.00	20.19462
1886.00	20.23330
1887.00	20.31813
1888.00	19.79408
1889.00	17.58396
1890.00	16.11116
1891.00	16.42355
1892.00	18.64448
1893.00	20.19866
1894.00	20.84283
1895.00	22.26253
1896.00	23.99777
1897.00	25.36984
1898.00	25.48892
1899.00	25.26882
1900.00	25.19212
1901.00	25.03064
1902.00	24.89118
1903.00	24.75531
1904.00	24.50502
1905.00	24.30541
1906.00	23.96189
1907.00	23.74599
1908.00	23.44870
1909.00	23.02451
1910.00	22.65111
1911.00	22.20502
1912.00	20.80980
1913.00	19.71993
1914.00	19.71130
1915.00	18.79985
1916.00	18.57021
1917.00	17.03384
1918.00	15.42672
1919.00	14.02693
1920.00	11.59488
1921.00	9.76985
1922.00	10.18476
1923.00	12.26187
1924.00	16.27385
1925.00	17.26405
1926.00	17.22163
1927.00	16.77878
1928.00	15.50628
1929.00	14.11129
1930.00	12.79615
1931.00	11.51903
1932.00	9.69036
1933.00	7.27218
1934.00	4.46321
1935.00	0.00000
1936.00	0.00000
1937.00	0.00000
1938.00	0.00000
1939.00	0.00000
1940.00	0.00000
1941.00	0.00000
1942.00	0.00000
1943.00	0.00000
1944.00	0.00000
1945.00	0.00000
1946.00	0.00000
1947.00	0.00000
1948.00	0.00000
1949.00	0.00000
1950.00	0.00000
1951.00	0.00000
1952.00	0.00000
1953.00	0.00000
1954.00	0.00000
1955.00	0.00000
1956.00	0.00000
1957.00	0.00000
1958.00	0.00000
1959.00	0.00000
1960.00	0.00000
1961.00	0.00000
1962.00	0.00000
1963.00	0.00000
1964.00	0.00000
1965.00	0.00000
1966.00	0.00000
1967.00	0.00000
1968.00	0.00000
1969.00	0.00000
1970.00	0.00000
1971.00	0.00000
1972.00	0.00000
1973.00	0.00000
1974.00	0.00000
1975.00	0.00000
1976.00	0.00000
1977.00	0.00000
1978.00	0.00000
1979.00	0.00000
1980.00	0.00000
1981.00	0.00000
1982.00	0.00000
1983.00	0.00000
1984.00	0.00000
1985.00	0.00000
1986.00	0.00000
1987.00	0.00000
1988.00	0.00000
1989.00	0.00000
1990.00	0.00000
1991.00	0.00000
1992.00	0.00000
1993.00	0.00000
1994.00	0.00000
1995.00	0.00000
1996.00	0.00000
1997.00	0.00000
1998.00	0.00000
1999.00	0.00000
2000.00	0.00000
2001.00	0.00000
2002.00	0.00000
2003.00	0.00000
2004.00	0.00000
2005.00	0.00000
2006.00	0.00000
2007.00	0.00000
2008.00	0.00000
2009.00	0.00000
2010.00	0.00000
2011.00	0.00000
2012.00	0.00000
2013.00	0.00000
2014.00	0.00000
2015.00	0.00000
2016.00	0.00000
2017.00	0.00000
2018.00	0.00000
2019.00	0.00000
2020.00	0.00000
2021.00	0.00000
2022.00	0.00000
2023.00	0.00000
2024.00	0.00000
2025.00	1.93869
2026.00	6.02637
2027.00	9.85442
2028.00	13.27006
2029.00	15.98461
2030.00	17.97362
2031.00	19.90949
2032.00	21.09201
2033.00	21.25133
2034.00	21.20891
2035.00	21.21944
2036.00	21.77610
2037.00	22.17921
2038.00	22.03630
2039.00	19.13024
2040.00	16.04969
2041.00	12.68158
2042.00	10.47186
2043.00	10.60989
2044.00	10.83278
2045.00	12.45530
2046.00	15.35541
2047.00	18.75471
2048.00	21.64382
2049.00	24.00329
2050.00	26.23045
2051.00	27.63031
2052.00	28.67987
2053.00	29.04530
2054.00	28.92895
2055.00	28.80707
2056.00	28.41994
2057.00	27.98486
2058.00	25.02562
2059.00	20.55434
2060.00	14.81244
2061.00	9.57327
2062.00	5.85854
2063.00	3.92843
2064.00	2.65574
2065.00	0.00000
2066.00	0.00000
2067.00	0.00000
2068.00	0.00000
2069.00	0.00000
2070.00	0.00000
2071.00	0.00000
2072.00	0.00000
2073.00	0.00000
2074.00	0.00000
2075.00	0.00000
2076.00	0.00000
2077.00	0.00000
2078.00	0.00000
2079.00	0.00000
2080.00	0.00000
2081.00	0.00000
2082.00	0.00000
2083.00	0.00000
2084.00	0.00000
2085.00	0.00000
2086.00	0.00000
2087.00	0.00000
2088.00	0.00000
2089.00	1.95122
2090.00	2.16331
2091.00	2.25952
2092.00	3.17305
2093.00	5.55453
2094.00	8.57800
2095.00	12.18303
2096.00	13.91304
2097.00	13.60469
2098.00	12.41707
2099.00	10.79358
2100.00	7.84383
2101.00	5.25403
2102.00	5.67645
2103.00	8.65752
2104.00	12.31693
2105.00	15.22598
2106.00	17.25019
2107.00	18.65005
2108.00	19.69925
2109.00	20.80792
2110.00	22.16532
2111.00	23.38400
2112.00	24.69888
2113.00	25.35422
2114.00	25.48730
2115.00	25.45649
2116.00	25.37739
2117.00	24.75872
2118.00	25.23272
2119.00	25.11135
2120.00	24.97232
2121.00	24.63887
2122.00	24.39604
2123.00	24.04504
2124.00	23.79639
2125.00	23.53606
2126.00	22.94216
2127.00	21.68870
2128.00	20.26984
2129.00	19.64672
2130.00	18.83351
2131.00	18.17983
2132.00	16.98620
2133.00	16.79163
2134.00	17.12360
2135.00	17.15997
2136.00	17.43372
2137.00	17.72463
2138.00	17.94876
2139.00	18.06999
2140.00	18.15483
2141.00	17.85191
2142.00	17.33740
2143.00	16.07022
2144.00	12.47741
2145.00	7.67143
2146.00	3.10247
2147.00	0.00000
2148.00	0.00000
2149.00	0.00000
2150.00	0.00000
2151.00	0.00000
2152.00	0.00000
2153.00	1.90880
2154.00	2.33900
2155.00	3.15727
2156.00	4.42928
2157.00	5.70200
2158.00	7.34463
2159.00	9.30751
2160.00	11.36799
2161.00	13.17416
2162.00	14.34331
2163.00	14.85240
2164.00	14.88261
2165.00	12.17340
2166.00	7.51952
2167.00	3.29658
2168.00	0.00000
2169.00	0.00000
2170.00	0.00000
2171.00	0.00000
2172.00	0.00000
2173.00	0.00000
2174.00	0.00000
2175.00	0.00000
2176.00	0.00000
2177.00	0.00000
2178.00	0.00000
2179.00	0.00000
2180.00	0.00000
2181.00	0.00000
2182.00	0.00000
2183.00	0.00000
2184.00	0.00000
2185.00	0.00000
2186.00	0.00000
2187.00	0.00000
2188.00	0.00000
2189.00	0.00000
2190.00	0.00000
2191.00	0.00000
2192.00	0.00000
2193.00	0.00000
2194.00	0.00000
2195.00	0.00000
2196.00	0.00000
2197.00	0.00000
2198.00	0.00000
2199.00	0.00000
2200.00	2.80993
2201.00	6.89373
2202.00	10.42815
2203.00	12.79163
2204.00	13.62207
2205.00	13.70688
2206.00	14.34228
2207.00	16.39711
2208.00	18.53616
2209.00	20.99045
2210.00	23.26913
2211.00	25.26901
2212.00	27.09309
2213.00	28.51704
2214.00	29.45030
2215.00	29.70460
2216.00	29.77731
2217.00	29.62820
2218.00	29.52828
2219.00	29.54484
2220.00	30.17013
2221.00	30.57768
2222.00	30.31755
2223.00	29.89893
2224.00	29.54827
2225.00	28.78468
2226.00	27.65076
2227.00	27.23224
2228.00	26.80806
2229.00	25.48359
2230.00	22.38742
2231.00	18.82402
2232.00	16.16690
2233.00	15.01009
2234.00	15.29329
2235.00	16.99603
2236.00	18.40212
2237.00	19.86925
2238.00	20.74231
2239.00	20.56675
2240.00	20.51847
2241.00	20.46440
2242.00	20.57264
2243.00	20.57264
2244.00	21.57234
2245.00	22.96014
2246.00	24.31764
2247.00	25.32954
2248.00	26.33533
2249.00	26.47494
2250.00	26.20801
2251.00	25.85625
2252.00	25.56545
2253.00	25.62036
2254.00	25.45698
2255.00	25.23860
2256.00	24.84426
2257.00	23.99571
2258.00	23.20255
2259.00	21.57626
2260.00	16.35171
2261.00	11.18545
2262.00	5.56448
2263.00	2.64660
2264.00	0.00000
2265.00	0.00000
2266.00	0.00000
2267.00	2.65572
2268.00	3.94179
2269.00	5.94159
2270.00	8.92404
2271.00	11.80218
2272.00	14.15833
2273.00	16.20754
2274.00	18.30857
2275.00	20.25305
2276.00	21.99905
2277.00	23.42802
2278.00	24.05752
2279.00	24.45969
2280.00	25.20938
2281.00	25.56444
2282.00	25.26054
2283.00	24.47508
2284.00	23.71836
2285.00	22.83603
2286.00	19.88113
2287.00	16.76282
2288.00	14.05518
2289.00	13.58740
2290.00	13.89111
2291.00	15.93964
2292.00	18.66944
2293.00	21.72381
2294.00	24.89172
2295.00	27.66284
2296.00	29.72050
2297.00	30.42753
2298.00	30.60481
2299.00	29.70710
2300.00	28.70990
2301.00	27.71355
2302.00	26.82940
2303.00	25.98802
2304.00	25.22459
2305.00	25.21027
2306.00	26.70190
2307.00	28.21478
2308.00	28.86515
2309.00	29.23288
2310.00	29.40953
2311.00	29.64294
2312.00	29.06304
2313.00	27.88971
2314.00	26.87872
2315.00	25.85369
2316.00	24.80033
2317.00	23.64794
2318.00	22.70769
2319.00	24.29161
2320.00	26.11562
2321.00	27.98918
2322.00	30.47027
2323.00	31.67899
2324.00	31.12728
2325.00	29.16907
2326.00	26.15035
2327.00	21.95064
2328.00	18.38684
2329.00	14.63972
2330.00	11.21193
2331.00	10.66124
2332.00	12.29454
2333.00	14.88921
2334.00	17.00269
2335.00	19.15916
2336.00	20.62956
2337.00	22.90633
2338.00	25.43084
2339.00	27.69262
2340.00	29.60124
2341.00	31.03549
2342.00	32.01100
2343.00	32.66894
2344.00	33.18528
2345.00	34.00587
2346.00	35.27841
2347.00	36.48658
2348.00	37.41982
2349.00	38.05604
2350.00	38.43781
2351.00	38.55779
2352.00	38.40140
2353.00	37.86441
2354.00	37.36275
2355.00	37.21501
2356.00	36.31529
2357.00	35.59585
2358.00	35.02985
2359.00	34.46368
2360.00	34.20184
2361.00	33.72216
2362.00	33.14855
2363.00	32.07323
2364.00	29.29398
2365.00	26.73786
2366.00	25.74580
2367.00	25.15376
2368.00	25.06893
2369.00	25.02651
2370.00	25.06893
2371.00	25.33087
2372.00	25.66278
2373.00	26.32140
2374.00	27.07737
2375.00	27.70626
2376.00	28.22268
2377.00	28.81651
2378.00	28.90154
2379.00	29.02127
2380.00	28.53220
2381.00	27.57657
2382.00	25.95812
2383.00	24.44615
2384.00	22.91900
2385.00	21.47689
2386.00	19.70962
2387.00	18.21764
2388.00	16.67593
2389.00	14.93689
2390.00	12.12258
2391.00	9.06852
2392.00	5.58265
2393.00	2.80513
2394.00	0.00000
2395.00	0.00000
2396.00	0.00000
2397.00	0.00000
2398.00	0.00000
2399.00	0.00000
2400.00	0.00000
2401.00	0.00000
2402.00	0.00000
2403.00	0.00000
2404.00	0.00000
2405.00	0.00000
2406.00	0.00000
2407.00	0.00000
2408.00	0.00000
2409.00	0.00000
2410.00	0.00000
2411.00	0.00000
2412.00	0.00000
2413.00	0.00000
2414.00	0.00000
2415.00	0.00000
2416.00	0.00000
2417.00	0.00000
2418.00	0.00000
2419.00	0.00000
2420.00	2.88077
2421.00	5.49130
2422.00	8.53786
2423.00	11.66859
2424.00	13.49622
2425.00	13.71596
2426.00	14.17504
2427.00	15.21561
2428.00	16.47327
2429.00	17.38374
2430.00	18.30479
2431.00	19.27282
2432.00	20.07114
2433.00	20.54532
2434.00	21.34371
2435.00	22.14965
2436.00	22.57387
2437.00	22.96330
2438.00	23.29502
2439.00	23.76163
2440.00	24.10102
2441.00	24.65247
2442.00	25.12681
2443.00	25.93281
2444.00	26.53454
2445.00	26.91638
2446.00	27.20549
2447.00	27.78367
2448.00	28.34299
2449.00	28.84411
2450.00	29.10643
2451.00	29.47249
2452.00	29.31071
2453.00	29.38763
2454.00	29.47241
2455.00	29.43000
2456.00	29.27620
2457.00	29.05620
2458.00	28.47308
2459.00	26.89596
2460.00	25.16440
2461.00	23.37498
2462.00	20.04477
2463.00	15.00495
2464.00	10.53273
2465.00	6.28312
2466.00	2.44697
2467.00	0.00000
2468.00	0.00000
2469.00	0.00000
2470.00	0.00000
2471.00	0.00000
2472.00	0.00000
2473.00	0.00000
2474.00	0.00000
2475.00	0.00000
2476.00	0.00000
2477.00	0.00000
2478.00	0.00000
2479.00	0.00000
2480.00	0.00000
2481.00	0.00000
2482.00	0.00000
2483.00	0.00000
2484.00	0.00000
2485.00	0.00000
2486.00	0.00000
2487.00	0.00000
2488.00	0.00000
2489.00	3.74595
2490.00	8.11501
2491.00	11.65453
2492.00	13.04616
2493.00	15.39543
2494.00	17.75260
2495.00	19.97690
2496.00	21.72416
2497.00	22.83703
2498.00	22.51577
2499.00	22.16018
2500.00	19.70815
2501.00	16.19794
2502.00	12.90705
2503.00	9.84300
2504.00	9.16411
2505.00	7.94846
2506.00	8.81304
2507.00	10.76430
2508.00	12.58005
2509.00	13.89501
2510.00	14.69285
2511.00	15.01591
2512.00	15.08437
2513.00	14.88043
2514.00	12.87858
2515.00	12.73356
2516.00	14.76853
2517.00	17.10149
2518.00	19.16315
2519.00	20.67407
2520.00	21.16649
2521.00	21.07339
2522.00	20.98010
2523.00	20.71725
2524.00	17.24930
2525.00	11.50659
2526.00	6.37328
2527.00	4.31832
2528.00	3.65809
2529.00	3.35101
2530.00	4.23287
2531.00	5.69234
2532.00	5.80290
2533.00	5.63334
2534.00	4.97228
2535.00	5.22486
2536.00	7.88058
2537.00	9.78948
2538.00	10.79085
2539.00	12.47924
2540.00	12.56401
2541.00	12.28472
2542.00	9.48543
2543.00	6.02474
2544.00	5.10686
2545.00	6.21760
2546.00	9.57650
2547.00	13.52222
2548.00	16.94098
2549.00	19.95170
2550.00	22.81029
2551.00	24.97492
2552.00	26.87558
2553.00	28.30055
2554.00	30.03164
2555.00	31.46524
2556.00	32.76373
2557.00	33.45087
2558.00	33.76458
2559.00	34.15488
2560.00	34.13784
2561.00	34.30766
2562.00	34.15482
2563.00	34.01909
2564.00	33.79850
2565.00	33.51007
2566.00	33.24704
2567.00	33.00106
2568.00	32.78897
2569.00	32.74705
2570.00	32.62668
2571.00	32.27996
2572.00	32.17811
2573.00	32.56050
2574.00	33.10018
2575.00	33.44674
2576.00	32.52645
2577.00	30.39658
2578.00	25.65501
2579.00	20.14009
2580.00	14.69669
2581.00	9.63068
2582.00	5.75339
2583.00	2.70637
2584.00	0.00000
2585.00	0.00000
2586.00	0.00000
2587.00	0.00000
2588.00	0.00000
2589.00	0.00000
2590.00	0.00000
2591.00	0.00000
2592.00	0.00000
2593.00	0.00000
2594.00	0.00000
2595.00	0.00000
2596.00	0.00000
2597.00	0.00000
2598.00	0.00000
2599.00	0.00000
2600.00	0.00000
2601.00	0.00000
2602.00	0.00000
2603.00	0.00000
2604.00	0.00000
2605.00	0.00000
2606.00	0.00000
2607.00	0.00000
2608.00	0.00000
2609.00	0.00000
2610.00	0.00000
2611.00	0.00000
2612.00	0.00000
2613.00	0.00000
2614.00	0.00000
2615.00	0.00000
2616.00	0.00000
2617.00	2.91867
2618.00	7.36491
2619.00	11.72728
2620.00	15.97069
2621.00	19.59738
2622.00	22.55920
2623.00	25.01954
2624.00	27.11975
2625.00	29.41693
2626.00	31.16367
2627.00	32.22380
2628.00	33.28565
2629.00	34.75545
2630.00	35.81511
2631.00	36.18240
2632.00	36.21752
2633.00	36.05514
2634.00	35.99118
2635.00	35.65877
2636.00	33.90936
2637.00	30.87124
2638.00	27.94236
2639.00	24.96789
2640.00	22.11231
2641.00	20.38803
2642.00	19.24285
2643.00	17.90557
2644.00	16.37864
2645.00	13.96517
2646.00	10.38206
2647.00	6.76111
2648.00	4.03422
2649.00	2.00575
2650.00	0.00000
2651.00	0.00000
2652.00	0.00000
2653.00	0.00000
2654.00	0.00000
2655.00	0.00000
2656.00	0.00000
2657.00	0.00000
2658.00	0.00000
2659.00	0.00000
2660.00	0.00000
2661.00	0.00000
2662.00	0.00000
2663.00	0.00000
2664.00	0.00000
2665.00	0.00000
2666.00	0.00000
2667.00	0.00000
2668.00	0.00000
2669.00	0.00000
2670.00	0.00000
2671.00	4.75233
2672.00	9.34205
2673.00	13.78004
2674.00	17.32004
2675.00	19.56819
2676.00	20.50384
2677.00	20.80077
2678.00	20.98876
2679.00	20.55613
2680.00	17.44563
2681.00	12.89055
2682.00	8.24063
2683.00	5.38887
2684.00	3.69942
2685.00	2.35082
2686.00	0.00000
2687.00	0.00000
2688.00	0.00000
2689.00	0.41212
2690.00	6.07185
2691.00	10.52596
2692.00	14.14083
2693.00	15.62638
2694.00	16.39027
2695.00	17.06928
2696.00	17.77306
2697.00	17.71356
2698.00	17.38293
2699.00	16.72988
2700.00	15.22852
2701.00	14.06577
2702.00	13.44645
2703.00	14.18446
2704.00	15.25342
2705.00	16.61090
2706.00	17.61193
2707.00	18.23966
2708.00	19.02035
2709.00	19.83515
2710.00	20.28439
2711.00	20.60742
2712.00	21.25997
2713.00	21.85383
2714.00	22.23560
2715.00	22.48144
2716.00	22.52386
2717.00	22.44775
2718.00	22.17576
2719.00	20.94569
2720.00	19.40108
2721.00	19.11459
2722.00	19.14623
2723.00	18.96076
2724.00	18.97903
2725.00	19.13940
2726.00	19.32707
2727.00	19.63303
2728.00	20.14846
2729.00	20.72417
2730.00	21.18467
2731.00	21.55732
2732.00	22.30008
2733.00	22.78207
2734.00	23.40012
2735.00	24.23915
2736.00	24.64475
2737.00	25.06359
2738.00	25.58730
2739.00	26.21421
2740.00	26.74190
2741.00	26.92177
2742.00	26.50632
2743.00	26.11997
2744.00	25.11611
2745.00	23.63616
2746.00	23.65028
2747.00	23.89071
2748.00	24.44216
2749.00	24.94168
2750.00	25.29060
2751.00	25.55461
2752.00	25.96913
2753.00	26.19082
2754.00	26.60544
2755.00	26.24711
2756.00	25.14419
2757.00	23.53237
2758.00	21.85924
2759.00	18.78992
2760.00	15.18513
2761.00	11.93768
2762.00	8.91674
2763.00	5.96658
2764.00	3.54794
2765.00	0.00000
2766.00	0.00000
2767.00	0.00000
2768.00	0.00000
2769.00	0.00000
2770.00	0.00000
2771.00	0.00000
2772.00	0.00000
2773.00	0.00000
2774.00	0.00000
2775.00	0.00000
2776.00	0.00000
2777.00	0.00000
2778.00	0.00000
2779.00	0.00000
2780.00	3.81872
2781.00	7.63728
2782.00	10.13409
2783.00	11.26948
2784.00	12.28752
2785.00	12.66368
2786.00	12.73494
2787.00	13.32435
2788.00	15.40346
2789.00	17.65111
2790.00	19.40422
2791.00	19.79941
2792.00	19.39830
2793.00	17.93708
2794.00	16.30233
2795.00	14.72280
2796.00	13.16293
2797.00	12.41870
2798.00	12.55567
2799.00	13.85756
2800.00	16.74851
2801.00	19.79224
2802.00	22.36035
2803.00	24.34439
2804.00	26.60245
2805.00	28.84079
2806.00	30.82477
2807.00	32.34208
2808.00	32.97829
2809.00	33.27526
2810.00	33.38282
2811.00	33.37310
2812.00	32.96838
2813.00	32.67497
2814.00	32.34510
2815.00	31.84897
2816.00	30.31886
2817.00	28.85690
2818.00	27.26823
2819.00	25.75105
2820.00	24.08358
2821.00	23.55165
2822.00	25.19319
2823.00	27.52567
2824.00	30.09099
2825.00	32.37140
2826.00	33.87903
2827.00	34.89688
2828.00	35.75506
2829.00	36.41374
2830.00	36.30001
2831.00	35.16810
2832.00	33.58741
2833.00	31.98741
2834.00	30.46030
2835.00	28.79695
2836.00	27.27805
2837.00	26.92565
2838.00	27.02015
2839.00	27.26454
2840.00	27.35949
2841.00	27.66613
2842.00	28.53432
2843.00	29.39555
2844.00	29.93733
2845.00	30.38084
2846.00	30.58324
2847.00	30.41357
2848.00	30.22434
2849.00	29.98237
2850.00	29.51315
2851.00	29.20630
2852.00	28.57043
2853.00	27.21290
2854.00	25.52978
2855.00	23.92703
2856.00	22.16712
2857.00	20.68382
2858.00	19.08016
2859.00	16.68897
2860.00	11.38660
2861.00	5.23679
2862.00	2.16645
2863.00	0.00000
2864.00	0.00000
2865.00	0.00000
2866.00	3.75846
2867.00	8.20220
2868.00	12.38327
2869.00	15.92602
2870.00	17.60122
2871.00	18.18725
2872.00	18.78910
2873.00	19.71222
2874.00	19.98921
2875.00	20.64544
2876.00	21.48367
2877.00	21.84517
2878.00	21.66532
2879.00	20.96621
2880.00	19.41872
2881.00	17.78466
2882.00	16.16248
2883.00	13.14159
2884.00	9.36607
2885.00	4.95547
2886.00	0.00000
2887.00	0.00000
2888.00	0.00000
2889.00	3.80506
2890.00	8.28015
2891.00	12.18323
2892.00	15.78952
2893.00	18.95867
2894.00	21.48303
2895.00	23.74292
2896.00	25.76799
2897.00	27.87821
2898.00	29.41591
2899.00	31.20830
2900.00	32.73569
2901.00	34.07170
2902.00	35.40802
2903.00	36.36241
2904.00	37.04121
2905.00	37.70986
2906.00	38.23965
2907.00	38.92892
2908.00	39.55453
2909.00	39.69245
2910.00	39.78791
2911.00	40.00000
2912.00	39.62887
2913.00	39.34255
2914.00	38.75926
2915.00	38.26087
2916.00	37.86837
2917.00	37.25352
2918.00	36.99908
2919.00	37.04102
2920.00	37.09455
2921.00	37.26391
2922.00	37.46558
2923.00	37.20042
2924.00	36.78695
2925.00	36.58495
2926.00	36.06596
2927.00	35.59854
2928.00	35.00524
2929.00	33.54077
2930.00	32.26948
2931.00	32.04694
2932.00	31.85578
2933.00	30.74172
2934.00	29.35313
2935.00	28.08016
2936.00	26.72369
2937.00	25.45093
2938.00	24.06230
2939.00	23.70098
2940.00	24.34783
2941.00	25.58814
2942.00	26.69128
2943.00	27.61419
2944.00	28.97137
2945.00	30.50879
2946.00	31.87702
2947.00	33.13883
2948.00	34.00851
2949.00	34.61294
2950.00	34.89929
2951.00	35.12195
2952.00	35.16437
2953.00	35.41888
2954.00	35.83243
2955.00	36.13998
2956.00	36.64899
2957.00	36.71269
2958.00	36.77625
2959.00	36.70202
2960.00	36.55377
2961.00	36.22481
2962.00	35.76881
2963.00	35.06908
2964.00	34.68852
2965.00	34.93133
2966.00	35.48256
2967.00	35.85410
2968.00	36.11845
2969.00	36.81866
2970.00	37.15801
2971.00	37.39144
2972.00	37.50788
2973.00	37.58218
2974.00	37.76263
2975.00	37.83669
2976.00	37.99584
2977.00	37.94262
2978.00	37.92153
2979.00	37.95332
2980.00	37.92153
2981.00	37.77313
2982.00	37.64620
2983.00	37.81526
2984.00	37.78353
2985.00	37.78343
2986.00	37.79427
2987.00	37.79427
2988.00	37.87911
2989.00	37.79427
2990.00	37.66702
2991.00	37.71899
2992.00	37.60269
2993.00	37.56046
2994.00	37.61357
2995.00	37.69839
2996.00	37.49735
2997.00	37.45493
2998.00	37.49735
2999.00	37.37010
3000.00	37.23168
3001.00	37.07317
3002.00	36.98834
3003.00	36.91467
3004.00	36.78744
3005.00	36.32085
3006.00	36.21363
3007.00	36.02139
3008.00	35.65078
3009.00	35.38777
3010.00	35.33404
3011.00	35.27164
3012.00	35.41888
3013.00	35.81190
3014.00	36.27848
3015.00	36.51038
3016.00	36.56111
3017.00	36.61793
3018.00	36.56115
3019.00	35.66204
3020.00	34.19741
3021.00	32.67018
3022.00	31.14319
3023.00	28.04126
3024.00	23.87143
3025.00	21.42100
3026.00	19.35604
3027.00	15.02072
3028.00	13.59025
3029.00	14.33201
3030.00	16.89692
3031.00	18.70945
3032.00	20.05565
3033.00	20.71138
3034.00	21.27432
3035.00	22.01485
3036.00	22.36567
3037.00	22.82078
3038.00	23.08673
3039.00	23.42604
3040.00	24.03142
3041.00	24.90297
3042.00	25.71673
3043.00	26.48020
3044.00	26.94686
3045.00	27.12796
3046.00	27.75271
3047.00	28.08059
3048.00	28.29268
3049.00	28.49323
3050.00	28.48555
3051.00	28.99453
3052.00	29.71555
3053.00	30.11665
3054.00	30.27479
3055.00	30.32874
3056.00	30.10508
3057.00	29.76569
3058.00	29.75411
3059.00	30.12830
3060.00	30.20148
3061.00	30.23230
3062.00	30.06309
3063.00	29.98940
3064.00	30.09700
3065.00	30.34014
3066.00	30.53811
3067.00	30.29779
3068.00	30.08569
3069.00	29.65860
3070.00	29.11851
3071.00	28.41994
3072.00	27.84560
3073.00	25.99525
3074.00	23.21923
3075.00	21.73729
3076.00	19.82045
3077.00	19.30011
3078.00	18.39522
3079.00	16.74081
3080.00	16.63914
